0.171697	-0.290984
-0.107439	0.271604
-0.465208	-0.755713
-0.864563	-0.714244
0.480304	0.462061
-0.185292	-0.206910
0.720815	0.741634
0.077993	0.820547
0.407304	-0.434318
-0.354898	-0.764641
0.902924	-0.554763
0.422761	-0.660233
-0.709374	-0.443233
-0.154157	-0.923402
0.712227	0.400453
-0.199562	-0.045339
-0.045368	-0.496414
-0.145801	-0.475417
-0.683743	0.335158
-0.284837	0.736860
0.148916	0.826800
0.198492	0.058151
-0.379829	0.210015
0.944317	-0.868189
0.424146	0.629179
0.924499	0.056703
-0.326560	-0.492177
0.214405	-0.499269
-0.492843	0.788122
0.545035	0.401910
-0.581377	0.803016
0.515346	-0.586701
-0.321867	0.382192
-0.913867	0.636854
-0.868032	0.986443
-0.713606	0.427060
0.798661	-0.912071
0.456640	0.753492
0.724222	-0.002590
0.697912	-0.196820
0.317463	-0.394726
-0.992109	-0.371889
0.151716	-0.105901
-0.344428	-0.807621
-0.062196	0.678339
0.802118	-0.796520
0.545452	-0.586242
-0.003283	0.822962
-0.934329	0.724995
0.310694	-0.159127
-0.738453	0.819933
0.830459	-0.474405
-0.466630	-0.655394
-0.201123	-0.272285
-0.502456	-0.785706
0.301502	-0.661016
-0.888180	0.363800
-0.602723	0.035879
-0.873233	-0.422206
0.461010	0.191367
-0.214389	0.765271
-0.906473	0.904743
0.708962	-0.475669
0.505030	0.047168
0.934825	-0.388033
0.155836	-0.868892
0.589450	0.883421
0.265723	-0.000302
0.300579	-0.174712
-0.773783	-0.968284
0.674100	-0.395848
0.333898	-0.184092
0.727974	-0.936830
0.829766	-0.127822
0.238836	0.124703
0.308648	-0.544797
-0.363967	0.799725
-0.108173	-0.067011
-0.578791	0.252749
-0.960754	0.612913
-0.284582	-0.968561
0.153106	-0.741481
0.992309	-0.266482
0.004848	-0.513682
0.390806	0.275635
0.898824	0.542915
-0.796876	0.906866
-0.066540	-0.333093
0.669117	-0.143149
0.130530	-0.185244
-0.435500	0.543684
-0.127334	-0.106422
-0.372577	0.098782
0.385008	0.822733
0.915231	0.293469
0.716552	-0.912893
0.870264	0.526472
0.841534	-0.339662
-0.454191	0.403928
-0.989361	-0.190566
0.579261	-0.354017
-0.228203	0.590377
-0.215378	0.148966
0.742738	-0.806817
0.809014	-0.902236
0.255998	0.563460
0.919752	0.273944
0.198200	-0.856011
0.119636	0.727178
-0.853675	0.277179
-0.077042	-0.849714
-0.767496	0.700740
-0.433813	0.899433
-0.999762	-0.997485
-0.901433	-0.376046
-0.079688	0.692095
-0.195495	0.311517
-0.905326	0.191108
-0.943942	-0.827859
-0.750485	0.594143
0.312185	0.895085
-0.251732	-0.864698
0.578522	-0.779442
0.310950	0.144640
-0.279008	0.720389
0.611453	0.694943
-0.287132	0.174225
-0.886607	0.800916
0.445008	-0.743436
0.912571	-0.410924
-0.927298	0.906129
0.672488	0.511813
-0.902878	-0.677893
0.388074	0.356792
0.679404	0.738640
0.851773	-0.248273
0.272929	-0.887942
-0.186418	0.875190
-0.378070	-0.224639
0.284378	-0.451641
-0.847258	0.131059
0.337773	0.944167
-0.153606	0.347778
-0.672295	0.732030
0.374958	-0.088613
0.744315	-0.299687
0.940825	0.454156
-0.834440	-0.439612
0.230309	0.804691
-0.216993	0.992920
0.093888	-0.025931
0.510318	0.918643
0.056368	-0.627995
-0.226885	0.744981
0.066667	0.465012
0.544119	-0.995845
-0.023925	-0.115213
0.494085	0.078528
-0.480601	0.540944
0.331762	-0.084367
0.377029	0.730575
-0.082063	0.763336
-0.446145	-0.366726
0.789402	-0.515302
0.143049	0.226177
0.090353	0.558872
0.980599	0.930932
0.508989	0.585300
-0.877389	-0.282209
0.059330	-0.837307
0.468501	0.091415
-0.986983	-0.220547
0.833407	-0.926898
-0.948144	0.547439
-0.939255	-0.055765
0.481319	-0.471993
0.532876	0.047974
0.756477	0.105309
-0.163567	0.925320
0.757885	-0.221881
-0.177032	0.626682
0.810233	-0.418326
0.494381	-0.942664
-0.529977	0.681161
-0.447685	-0.241423
-0.742549	-0.016773
0.933528	-0.186788
-0.222010	0.675813
-0.590985	-0.678570
-0.077733	-0.454967
0.470883	0.130415
-0.190574	-0.982997
-0.372919	0.348686
0.463882	0.471269
-0.423170	-0.210270
-0.647337	0.199595
-0.099381	-0.295204
-0.685109	-0.624984
0.409640	0.820136
-0.482314	-0.246039
-0.418080	-0.668086
-0.540015	-0.026559
0.540531	0.703404
0.183928	-0.715837
-0.596007	0.903503
0.906395	-0.215159
0.747549	0.060505
-0.897764	-0.720175
0.065501	0.874342
0.962593	0.300620
-0.386331	0.934960
-0.830654	-0.799177
0.124050	0.906398
-0.617190	0.888837
-0.899987	-0.075404
0.820431	0.981242
0.384439	-0.727253
-0.652546	0.661827
0.265358	-0.124780
0.391743	0.020255
-0.284780	-0.294893
0.508637	0.658343
0.625804	-0.107705
-0.263942	-0.081226
-0.666565	-0.950988
-0.121597	0.323995
0.805881	0.439729
-0.088220	-0.715744
0.307082	-0.864704
-0.667323	0.301187
0.784022	-0.935319
-0.410896	0.075010
0.942464	-0.000453
0.741172	0.884029
0.690940	0.621411
-0.091685	-0.951586
0.765743	-0.157409
-0.090516	0.689877
0.986625	0.205497
0.103902	0.273378
-0.676382	0.048298
-0.746494	-0.332574
0.078691	0.559068
-0.936628	0.096525
-0.889738	0.176988
0.898065	-0.223020
0.792338	0.824164
-0.176271	-0.589695
-0.229683	-0.281668
0.838372	0.523815
0.249825	0.801363
-0.033091	-0.152874
-0.364417	-0.756150
-0.374237	0.196836
-0.373315	-0.310709
0.735830	-0.908907
-0.979835	-0.087626
0.117001	0.434311
0.243712	0.063079
-0.210276	-0.100762
-0.560232	0.182338
-0.895982	-0.770789
-0.632464	0.179229
-0.417155	0.877134
0.788320	-0.708042
-0.269213	-0.658946
-0.814055	0.174463
0.769407	-0.578581
-0.897227	0.311439
-0.599560	-0.799219
-0.511870	0.994362
-0.931797	-0.717557
0.133055	0.247749
-0.067538	0.885950
-0.763147	-0.211850
0.274668	0.350403
-0.166168	-0.788975
0.024925	0.914812
-0.557206	-0.958268
-0.607782	-0.992552
0.648704	0.776481
-0.783428	0.926024
-0.515098	0.745305
-0.261334	-0.248455
-0.887907	0.942759
0.912661	-0.902063
-0.851064	0.167364
0.358983	-0.575513
0.418325	0.793115
0.347747	0.588847
-0.671941	0.694627
-0.435535	-0.041118
0.617508	0.460064
-0.501951	-0.287255
0.554854	-0.569859
0.657385	0.669192
0.130880	-0.299877
0.794505	-0.755920
0.708833	-0.643604
0.583887	-0.608665
0.692794	-0.209636
-0.256893	0.406373
-0.482905	-0.180566
0.698561	0.714829
-0.330207	0.211950
-0.942015	-0.454129
0.768315	-0.924905
0.140323	0.402049
0.454829	0.303703
0.250052	0.620897
0.825393	0.373069
0.698815	0.985976
0.475489	-0.461439
-0.669161	-0.592201
0.020375	0.441151
-0.335567	0.124617
0.803847	0.264432
0.801812	0.047389
-0.747960	-0.969922
-0.867403	-0.442167
0.365588	0.445322
0.526323	-0.084851
0.927047	0.885100
-0.036633	0.316459
-0.818182	0.808319
0.108352	-0.929040
-0.492973	0.599384
-0.468159	-0.349239
0.754175	-0.588433
-0.506100	-0.017325
0.662665	-0.596858
-0.147696	-0.325735
-0.599021	0.261509
-0.998440	-0.785075
0.970486	0.958815
-0.183508	-0.213680
-0.619111	0.608586
-0.301611	0.815527
-0.647528	0.990549
-0.412973	-0.845561
0.415034	-0.530269
0.114601	0.099270
0.547413	0.372008
0.259270	-0.442193
0.584052	0.163326
0.148420	0.487115
0.121716	-0.316829
-0.475748	0.111512
-0.908762	0.430578
0.254531	-0.100701
0.638306	0.012153
-0.290104	0.223300
0.015207	-0.421937
0.422445	0.027509
0.092481	0.335632
0.915162	-0.869013
-0.422143	-0.961735
0.378409	-0.085872
-0.149875	-0.946381
-0.942708	-0.098687
0.665731	0.947704
-0.875047	-0.906932
0.572651	0.541906
-0.539004	0.956005
0.800194	0.856141
-0.405104	-0.576069
-0.699595	-0.096522
-0.168884	-0.428260
0.788217	-0.443743
0.139130	0.354210
-0.715503	0.534762
0.684075	-0.749180
0.312696	-0.514364
-0.603628	0.831309
-0.995925	-0.513947
-0.463580	0.609078
0.900605	0.472626
-0.541272	0.834919
-0.112186	0.492257
0.031009	-0.833032
-0.974315	0.685436
0.585009	0.252009
0.141915	-0.837403
-0.322088	0.663242
0.799145	-0.764554
0.838077	-0.438276
-0.024118	0.651964
0.801391	0.981305
0.228532	0.933177
0.049784	0.722045
0.177569	0.396793
-0.471431	0.666839
0.011850	-0.831855
-0.208517	-0.537638
0.523192	-0.707010
-0.964966	-0.189088
-0.733440	-0.927465
-0.679056	-0.889337
0.918424	-0.042761
0.354623	0.152922
-0.327761	-0.670951
-0.172634	0.535908
0.534467	0.789175
0.196434	-0.535763
0.231946	0.319154
0.773298	0.820439
-0.318843	-0.788608
-0.097876	0.999089
-0.646941	0.858160
-0.988242	0.611645
-0.088103	-0.753048
0.587166	0.503094
-0.973627	0.253842
0.021810	0.554179
-0.196411	0.917549
-0.361211	-0.867778
-0.394680	0.616831
0.488305	0.940122
-0.067293	-0.989835
-0.655028	0.942646
-0.458672	-0.898392
-0.437078	0.033673
0.957606	0.478843
0.895646	-0.879224
-0.070774	0.496738
0.400753	-0.538436
0.144357	0.205377
-0.894360	0.495593
0.065946	0.350856
0.516319	-0.223015
-0.280036	-0.567137
0.590750	0.734033
-0.340657	0.570708
-0.361373	0.405264
-0.777446	-0.537235
0.297277	0.334843
0.647355	0.092689
0.847208	-0.979547
-0.433175	-0.371444
-0.285809	0.411680
0.665734	0.990937
0.708282	0.099288
0.621347	0.975252
0.717035	-0.791423
0.864062	0.285338
0.831416	-0.383547
-0.968398	0.129381
0.079464	-0.447813
-0.829812	-0.653406
-0.695005	-0.950341
-0.584686	-0.822434
0.221708	0.239426
-0.565126	-0.064507
0.386642	0.297281
0.789850	-0.991923
0.093765	-0.087240
-0.761428	0.683653
0.667239	0.284635
-0.110960	-0.907878
-0.370254	-0.859767
-0.364399	-0.451798
-0.387907	0.449165
-0.682206	0.167921
-0.200293	-0.328528
0.001283	-0.430378
-0.522066	-0.371115
-0.941881	-0.198883
-0.609670	-0.717773
-0.202865	0.454355
-0.523396	-0.722161
0.657763	-0.972587
0.084556	-0.868531
-0.720864	0.437145
-0.236335	-0.086769
0.317955	-0.137546
-0.005023	-0.429126
-0.344211	0.849891
-0.178744	-0.143067
0.007982	0.151412
0.437443	0.110887
-0.152531	0.406921
0.582215	-0.719590
-0.941351	0.706148
0.518036	0.631369
0.364741	0.208030
-0.109264	-0.408186
0.250545	0.904201
0.786618	0.692871
0.253313	-0.566829
0.453023	-0.034560
-0.459738	-0.822483
0.775089	0.916742
0.763469	-0.377139
0.170841	-0.672266
-0.988154	0.096635
-0.894772	-0.431886
-0.263726	-0.438270
0.127642	-0.719456
0.395893	-0.219387
0.583420	-0.458685
0.520172	0.530361
-0.502935	-0.833202
-0.531249	-0.703954
-0.248758	-0.882687
-0.564967	0.594877
0.784170	-0.460981
-0.337088	0.568187
0.738161	0.275438
0.304867	-0.097936
-0.474137	-0.816216
0.349075	0.909183
-0.014703	0.889693
-0.994910	0.550543
0.945664	-0.230744
0.667429	-0.512830
0.605723	0.380136
-0.285841	-0.129091
-0.223781	0.905901
-0.128195	-0.565170
-0.972298	0.593697
0.552476	-0.529265
0.332818	-0.325553
-0.608623	0.868987
-0.153017	0.237820
-0.756286	-0.899863
-0.501901	0.552107
-0.135798	-0.349181
-0.459460	-0.149875
0.497952	-0.928437
0.080840	0.673223
-0.594878	-0.107816
0.037074	-0.901991
0.193663	0.889388
-0.041532	-0.034962
-0.018621	-0.959437
0.540319	-0.858768
-0.423617	0.276055
0.128110	-0.855614
0.544649	-0.092442
-0.295447	0.418343
-0.142171	0.538550
-0.105074	0.014127
-0.253097	0.193349
-0.824094	-0.545106
-0.638677	-0.243351
0.228069	-0.842383
-0.525483	0.209538
0.650442	-0.016777
-0.792411	-0.052247
0.632170	0.885869
-0.506229	-0.193150
0.422188	-0.282065
-0.685362	-0.878114
-0.583452	-0.076294
-0.008590	-0.367641
0.026349	0.848084
-0.694280	-0.763244
0.062343	-0.204611
-0.503021	-0.266147
0.298797	-0.122987
-0.947499	-0.620224
0.452638	-0.512273
0.916372	-0.544010
-0.616039	0.226152
-0.740531	-0.112879
0.974222	-0.252181
-0.837619	0.140268
-0.711855	-0.151489
-0.602603	0.046050
-0.421449	0.711654
0.148079	0.756021
-0.196889	0.890559
0.469384	0.939446
0.870300	-0.873073
-0.603045	0.628327
-0.595384	-0.617223
-0.326463	-0.867281
0.237494	-0.430972
0.041944	0.949309
0.733371	-0.234861
0.713363	-0.504160
0.167015	-0.983656
-0.957705	-0.140334
0.433248	-0.408675
-0.835429	0.952081
0.619955	-0.418752
-0.317201	0.807280
0.688388	-0.263055
-0.151158	-0.504710
0.411499	0.055552
0.209399	-0.628700
-0.747552	-0.106164
-0.867106	0.556112
-0.562259	0.110427
0.762292	-0.152449
0.115403	-0.420467
0.873040	-0.813998
-0.290560	0.555963
-0.346036	0.170915
0.236623	0.924639
0.261094	0.205353
0.229756	-0.497606
-0.425395	0.378808
0.353254	-0.865166
0.521140	0.803699
0.881773	-0.047519
0.159076	-0.404484
0.136017	0.037623
0.928234	0.824591
-0.418727	0.455765
0.544654	-0.001046
-0.179207	0.074141
-0.360007	-0.638022
-0.360681	0.027438
-0.414240	-0.124144
-0.240444	0.856103
0.998708	-0.706404
0.693711	-0.801894
0.423225	-0.864402
-0.230265	-0.063581
-0.367414	0.867859
0.321611	-0.680215
-0.896382	0.513842
-0.626260	0.447771
-0.214275	0.671884
0.686765	0.462518
-0.341903	-0.361057
-0.394905	0.838995
-0.682275	0.998019
-0.139313	0.559289
-0.054324	0.984285
0.079804	-0.732982
0.413819	-0.951113
-0.321018	0.643793
0.289030	-0.264772
0.362281	0.861978
-0.229605	-0.970986
0.975966	-0.946936
-0.276042	0.570448
0.626740	-0.386360
0.526961	0.631202
-0.304720	0.572979
-0.173543	-0.741556
0.544446	0.503385
0.325871	0.915223
-0.497149	0.415275
-0.489102	-0.334749
0.291409	-0.285048
-0.657409	0.920472
0.842703	-0.686381
0.328390	-0.754638
0.290779	-0.869492
-0.765024	0.246457
0.768693	-0.580005
-0.528526	-0.936443
-0.488289	-0.665714
-0.741782	0.874713
-0.990269	0.547936
0.235509	0.205357
0.785257	-0.193969
0.664926	-0.585607
0.068732	-0.817261
-0.222570	-0.727288
-0.213086	0.665299
0.404080	-0.631909
0.398833	-0.818186
0.096340	-0.806588
-0.914977	-0.020130
0.511181	-0.585669
-0.515289	-0.461550
-0.152890	0.376015
0.294356	-0.759533
0.054206	-0.952633
0.494717	0.707238
-0.247840	0.546453
0.064611	-0.090271
-0.947055	0.852378
0.681298	0.580473
-0.409692	0.305690
-0.902822	0.276689
-0.055335	-0.023261
-0.191080	0.521260
0.066674	0.594992
-0.194490	-0.797566
0.561292	-0.360505
0.961192	0.750996
0.780210	0.989914
0.447642	-0.477304
-0.933666	-0.129708
0.204063	-0.319345
0.138898	0.452592
0.103430	0.346033
-0.312307	-0.952011
-0.175940	0.979362
0.196591	0.098060
0.678143	-0.456906
0.474195	-0.201512
-0.088318	-0.358750
0.967588	0.243611
-0.095065	0.248117
0.666201	0.847641
0.568117	0.342512
0.617858	0.333958
0.346961	-0.623629
0.175346	-0.955572
0.149448	-0.233452
-0.101817	0.762757
-0.368339	-0.677454
-0.510525	-0.391938
-0.233015	-0.275365
0.138727	-0.414113
0.063908	0.100176
-0.311720	0.926088
-0.160032	0.344665
-0.627826	0.132465
-0.831354	-0.559518
0.751414	-0.979503
-0.757180	0.068828
0.972027	0.861468
-0.353285	0.332362
-0.504821	-0.531688
-0.633968	0.906803
-0.986854	-0.054349
0.934221	-0.545393
0.585920	-0.434761
0.163039	0.194663
-0.039769	-0.403170
-0.738939	0.650956
0.830361	-0.130402
0.834656	0.059308
-0.544294	0.042612
-0.851455	-0.405221
-0.021806	-0.501492
-0.170901	-0.328507
0.478485	-0.108818
-0.894303	-0.558121
-0.546603	-0.762468
0.049236	-0.494585
0.353511	-0.547139
0.641126	-0.593938
-0.445719	0.799880
0.715205	0.443996
0.564285	-0.054998
-0.337745	-0.473693
-0.552364	0.421932
-0.054115	0.492111
-0.179167	0.739429
-0.346893	-0.226239
-0.786559	0.297713
-0.906116	0.916068
-0.545809	0.580646
0.989951	0.106341
-0.621618	0.460801
-0.541466	-0.423074
-0.823703	0.015598
-0.488788	0.941961
0.300655	-0.892705
0.869727	-0.498192
0.787912	0.431206
-0.147859	0.925394
0.797844	-0.640821
-0.010675	0.579710
-0.680708	-0.661630
0.158187	0.645851
0.248121	0.174805
0.627472	-0.073760
0.087505	0.704443
-0.754848	-0.735431
0.051321	0.560255
-0.517395	0.137403
-0.129220	0.199960
0.805087	-0.909239
-0.099234	0.173436
-0.508597	0.013644
-0.008177	0.568244
0.946262	-0.170776
0.795103	-0.702464
-0.760403	-0.095580
0.402317	-0.258990
-0.773470	0.297297
0.482858	-0.598518
0.515407	0.437755
0.063102	0.548035
-0.880158	-0.822215
-0.303761	0.688318
-0.017699	0.539137
0.313867	-0.832986
0.732927	0.307126
-0.591451	-0.518777
0.896911	0.375145
-0.478805	0.728533
-0.890788	0.524158
0.923804	0.372497
0.049288	0.381608
0.070380	0.876159
0.261638	-0.644119
0.294799	0.694239
0.770649	0.302141
-0.179855	-0.830214
-0.250414	-0.705633
0.291141	-0.786071
-0.934780	-0.845437
0.955385	-0.842341
0.778650	0.765160
0.412590	0.408231
-0.404243	-0.112313
-0.563790	0.379594
0.137066	-0.326561
-0.202892	-0.006900
0.472429	0.107935
-0.913190	0.014438
-0.238748	-0.642169
0.868542	-0.422955
0.349554	0.959840
0.112701	0.170595
0.627015	0.232778
0.752122	0.920257
-0.991095	0.670296
0.408084	0.667650
0.657953	0.212166
0.748139	-0.027680
0.982912	-0.193613
-0.209715	-0.682337
-0.901172	-0.003281
-0.160679	-0.531484
0.456843	0.157979
0.448909	0.811219
0.207479	-0.901688
-0.521854	-0.807236
-0.348608	0.952483
0.658721	-0.872040
-0.608349	-0.517916
-0.005758	-0.769432
0.473778	0.780629
-0.909713	0.456066
-0.950840	-0.767724
0.360600	0.608050
-0.318961	-0.778165
-0.465212	-0.825868
-0.204346	-0.439760
-0.863018	-0.750921
-0.233651	-0.980273
0.488282	0.558555
0.904175	0.476272
-0.025434	0.525675
-0.084476	0.217124
0.559696	0.816602
0.131158	0.367644
0.394782	-0.899804
0.764138	0.864094
0.197527	-0.171689
-0.587104	0.544638
-0.615912	0.361764
0.955567	0.214263
-0.495027	0.075265
0.385493	0.978123
0.698701	-0.934458
0.906117	-0.886156
-0.493386	-0.344265
-0.369003	0.164522
-0.169008	-0.511248
-0.944395	-0.443980
0.294735	-0.384204
0.617071	-0.892106
0.977619	0.842247
0.251181	-0.406466
-0.276699	-0.486600
0.472259	-0.742773
0.528158	0.744814
-0.638679	-0.282217
0.571514	-0.564484
0.232333	0.823586
-0.771261	-0.590686
0.716429	-0.980088
0.693619	-0.349480
0.946138	-0.257928
-0.939379	-0.134871
0.239173	-0.219681
-0.594619	0.240578
-0.280429	0.837253
0.861272	-0.593158
-0.149880	0.959061
-0.353602	-0.992449
0.622222	-0.311471
-0.463654	-0.630243
0.734915	-0.284952
-0.126918	0.890462
-0.733536	-0.532231
0.945994	-0.680299
0.423689	0.946408
0.105196	0.032563
0.766397	0.832441
0.093932	0.706789
0.252969	-0.347056
0.728890	0.460112
0.572701	-0.617385
-0.341833	0.812648
0.448080	0.876056
-0.698416	-0.278590
-0.304827	0.770315
0.024271	-0.084884
0.276480	0.803635
0.114060	-0.994877
0.597920	-0.764658
-0.395354	-0.714218
0.992706	0.402727
0.880166	0.956609
0.243826	-0.009317
-0.517383	0.338744
-0.895926	0.169909
-0.721207	0.670097
0.406354	-0.412070
0.558577	0.002699
-0.424775	0.812423
-0.644474	0.318649
-0.485673	-0.703009
-0.453634	-0.229865
0.556018	-0.999193
-0.070826	-0.380332
-0.684931	0.368337
0.490996	0.174360
0.190488	-0.466884
0.684079	-0.676020
-0.225871	-0.206228
-0.576254	0.894111
0.508321	-0.649892
-0.826173	0.513520
-0.258158	-0.868484
-0.820920	0.803011
0.722274	-0.745755
-0.941716	0.577553
-0.640769	0.590768
-0.229097	-0.428489
0.512260	-0.441766
-0.079850	-0.043989
0.635685	-0.049148
-0.652613	-0.473779
0.131216	-0.650929
-0.878675	0.111768
0.399633	0.633386
-0.989416	0.882714
-0.182860	0.677401
-0.599327	-0.897039
-0.307994	-0.457667
0.942845	0.394615
0.019669	0.583529
-0.729342	-0.058045
0.375426	-0.209901
0.328321	0.085009
-0.095080	-0.005646
-0.605676	0.402735
-0.941463	0.835849
-0.938590	-0.886425
-0.652108	0.028741
0.882637	0.479192
-0.323457	-0.348710
-0.770251	0.399610
0.122422	-0.453321
0.822927	0.935136
0.025926	-0.264191
-0.670866	0.747619
0.319971	-0.247787
-0.286468	-0.672150
-0.989498	-0.494962
-0.365582	-0.339400
0.844562	0.556642
0.828031	0.712457
-0.182188	-0.031465
-0.219401	0.527445
0.534491	-0.815781
-0.979507	-0.576688
0.607395	0.484535
0.834095	0.627249
0.828116	0.147703
-0.169095	0.021136
0.065567	-0.021874
0.225299	0.595181
0.620148	0.824261
0.537964	-0.432554
-0.138883	-0.211368
0.410936	0.605759
0.280611	0.225832
-0.372640	-0.965464
0.222768	0.068256
-0.466698	0.209610
-0.560555	0.757411
-0.821426	0.290927
-0.499608	-0.917440
0.930382	0.937823
-0.197692	-0.615109
-0.634571	0.762999
-0.174741	-0.867362
0.301500	-0.692776
-0.090415	0.394351
0.564256	-0.548936
-0.664871	-0.479580
0.937625	0.667167
0.539811	0.607187
-0.617769	-0.840498
-0.894187	-0.601059
-0.494615	-0.987081
0.960336	0.364658
-0.388490	0.647310
-0.528529	-0.978956
0.124195	-0.657347
-0.334924	0.936636
-0.460002	0.744176
0.904059	0.521903
-0.301778	0.022218
0.533887	-0.964156
-0.019071	-0.525768
-0.482321	-0.371950
0.818598	0.172599
-0.115580	-0.547136
0.169937	0.132916
0.367218	-0.167128
0.046075	0.389146
0.044068	0.651906
0.499284	-0.537148
0.860174	0.936063
-0.566729	0.985061
-0.605942	-0.060972
-0.375004	-0.695871
0.001062	-0.157122
0.375414	-0.408691
0.614970	-0.202821
0.741112	-0.134354
0.218473	-0.117056
0.673627	-0.358506
-0.731423	0.969824
0.260926	-0.610278
-0.659005	0.095528
-0.153665	-0.654749
0.080406	-0.620014
0.520186	0.758985
-0.415282	0.363338
0.464860	0.902653
0.942302	-0.722996
-0.962920	0.210685
-0.620388	-0.860695
-0.426204	0.795393
-0.981112	0.448651
-0.365998	0.678915
-0.095923	-0.178371
0.622325	-0.590891
-0.984051	-0.949702
-0.930270	0.954092
0.445983	-0.363988
0.675768	-0.367037
-0.189141	-0.893730
-0.695564	-0.339715
0.265544	0.995170
-0.567767	-0.451620
0.419141	0.500108
-0.232304	-0.330290
-0.510923	0.909660
0.126675	-0.967452
0.120313	0.095245
0.057048	0.803606
0.005609	0.275841
-0.826910	0.118790
-0.893187	0.198885
-0.377130	-0.425062
-0.258000	-0.197908
-0.553704	-0.098101
0.371881	0.208216
0.468092	-0.779324
-0.103198	-0.447202
0.213927	-0.524396
-0.503517	-0.606052
-0.620183	0.584551
-0.051630	0.260974
0.055900	-0.480536
-0.084850	-0.066073
-0.773815	0.491994
-0.756297	0.909925
0.465293	0.177169
0.736124	0.030972
-0.354967	0.068353
0.664453	-0.543068
-0.452901	0.094100
0.076555	0.652077
-0.809386	0.649640
-0.267494	0.231830
0.553836	0.317284
0.790326	-0.992513
0.980106	0.633791
-0.345669	0.333023
-0.664707	0.274550
-0.246350	-0.410919
-0.250864	-0.270414
0.081227	-0.811340
0.722648	-0.448204
-0.443863	-0.002725
-0.715423	-0.121904
0.310019	0.484983
0.010429	-0.720673
-0.938693	-0.614753
-0.195341	0.908635
0.471752	0.736706
0.881433	0.250047
-0.582745	-0.203473
-0.916258	0.448996
0.810050	0.516038
0.485806	0.933838
0.087238	0.203217
-0.957122	-0.353287
0.513521	0.742588
0.428039	0.052101
0.220386	0.027799
-0.572031	-0.122645
0.376934	-0.867304
-0.844898	-0.192457
0.460070	0.403280
-0.373617	0.613843
-0.626623	0.341027
-0.821912	0.117411
-0.516783	0.421565
0.490133	-0.339391
0.197640	-0.260114
-0.209682	-0.123159
0.733453	-0.849703
-0.634388	-0.161880
-0.282206	0.970028
0.468322	-0.907587
-0.048335	-0.363785
-0.695179	0.124757
0.853411	-0.725468
0.184261	0.869452
-0.929360	0.242482
0.711588	-0.335134
0.241476	0.479758
-0.354790	-0.962228
0.028306	-0.259987
0.967056	-0.697969
0.881114	0.875977
-0.199632	0.779751
0.479528	-0.579629
-0.674827	0.189546
-0.508350	0.155469
0.062739	0.449023
-0.341465	0.997342
-0.788969	-0.207786
-0.002287	-0.445435
0.250203	-0.836504
-0.754349	-0.337909
-0.447428	0.085119
0.388781	0.236344
0.210849	-0.264899
-0.540869	-0.385411
0.151094	-0.560662
-0.619357	0.471488
0.652152	0.726159
0.674488	0.117459
0.898588	0.562831
-0.404165	-0.806186
0.639426	0.838312
0.511935	0.092016
0.156610	0.137782
-0.921706	0.886345
0.254145	-0.586257
0.446984	0.457854
0.096322	0.877712
0.056001	-0.784953
0.466232	-0.044088
-0.732905	0.058318
0.800711	-0.447840
0.012179	0.691229
0.106882	0.367338
0.711616	0.125182
0.207635	-0.282406
-0.247603	0.535177
0.021646	-0.202190
-0.186373	-0.375795
0.274155	-0.268950
0.353242	0.931583
-0.622786	0.838544
0.765076	0.624821
0.915894	-0.574523
-0.178004	0.288119
-0.964675	0.713835
0.145505	-0.498381
0.269203	0.495657
-0.462297	0.169896
-0.602860	-0.261630
-0.205960	0.427579
0.934726	-0.061530
-0.084573	0.578267
0.304771	0.291554
0.501716	0.341669
-0.432362	-0.705210
0.484253	0.840770
-0.700694	-0.569712
0.150027	-0.494568
-0.554456	-0.735559
-0.838339	0.032484
0.601553	0.293873
-0.262834	0.541401
0.480144	-0.227049
-0.536021	-0.898616
-0.480442	-0.786226
0.690215	0.451485
-0.460325	-0.678089
0.919660	0.724479
0.645082	-0.113674
0.482991	-0.375250
-0.907017	-0.242044
-0.121319	0.995226
-0.193680	0.827517
-0.251040	0.778450
0.124082	-0.550155
-0.869329	-0.819732
0.108223	0.908424
0.054475	-0.447054
-0.293536	0.543679
0.738743	0.052921
-0.085321	0.011763
-0.783353	0.183596
-0.777300	-0.083919
0.436831	-0.184780
-0.987578	-0.221567
-0.741473	0.065568
-0.372971	-0.516316
0.616702	0.905121
0.732863	-0.766229
-0.622444	0.585681
-0.683549	-0.409730
-0.356568	-0.844825
0.846497	-0.929270
-0.221703	-0.158956
0.405782	-0.022758
-0.299623	0.228364
-0.150712	0.977612
0.283623	0.845207
0.033314	-0.092864
0.080800	0.003333
-0.294269	0.213265
-0.709502	-0.598553
-0.731288	-0.758447
0.800119	-0.395343
0.686901	0.746065
0.758989	0.332406
0.036724	-0.772895
0.549101	0.742847
-0.335703	-0.158022
0.906371	-0.628031
-0.881510	0.457663
0.272962	-0.322769
0.774209	0.128473
-0.841406	0.486012
-0.581729	0.879863
0.922503	0.512681
-0.716887	-0.723673
0.387425	-0.556391
-0.568352	-0.290415
-0.255805	0.691871
-0.149279	-0.938145
-0.492407	0.120240
0.003827	0.322745
0.470892	0.282231
0.704685	-0.364126
0.244859	-0.659634
0.102668	-0.462947
0.701181	0.745482
-0.041614	0.592528
0.507744	-0.349862
0.034922	0.930541
-0.472786	-0.116693
0.605205	-0.323099
0.421455	-0.607783
-0.943528	0.130754
0.089411	0.731339
-0.775294	-0.367372
-0.689334	0.367699
-0.266779	0.245526
-0.651458	0.944194
-0.861069	0.010746
-0.345112	-0.292896
0.282705	-0.570236
0.041467	0.934950
-0.174721	-0.541315
-0.334004	0.390335
-0.586310	-0.117382
-0.549684	-0.532617
0.645184	-0.396240
-0.414760	-0.867137
0.524182	-0.080154
-0.353799	-0.307292
0.276146	-0.809343
-0.256754	0.735657
0.969358	0.004632
0.415595	0.911134
0.370448	0.118260
0.429525	-0.974440
0.355046	-0.749187
0.649884	0.592002
-0.183612	0.032289
-0.369377	-0.119129
-0.104227	0.263644
0.793996	0.699109
0.239097	0.496779
-0.133555	-0.651892
0.548276	0.868103
-0.462579	-0.571851
-0.040988	-0.882227
-0.614240	0.472768
-0.823786	0.626152
-0.481309	0.643234
0.732010	0.899181
0.803528	0.900051
0.993788	0.596453
-0.917655	0.970404
0.685189	-0.033561
-0.859728	0.549891
-0.747486	-0.991408
-0.576915	-0.209660
0.212553	0.373289
0.352664	-0.772410
0.492141	-0.586796
-0.386017	0.218260
-0.637997	-0.816821
-0.744722	-0.544692
0.676604	-0.320755
0.631327	0.712408
-0.391341	0.733104
0.566316	0.078521
0.497819	0.851660
0.722820	0.442935
-0.498629	-0.457553
0.699635	0.763376
-0.087976	-0.606509
0.558849	0.573299
-0.747731	0.879071
0.350177	-0.580342
0.675615	-0.940880
0.459274	-0.989564
0.422729	0.809891
0.842095	-0.916275
-0.010948	-0.007262
0.146173	0.722660
0.978548	0.456762
0.467783	0.033171
-0.418240	0.641428
0.386834	-0.485299
-0.140916	-0.380623
-0.621130	0.665199
-0.690871	0.537440
0.416719	-0.203571
0.732884	-0.423779
0.072729	0.348921
-0.278998	0.883804
-0.773792	0.874860
0.408156	-0.116821
0.527242	-0.642657
0.585045	0.855704
0.578491	0.696222
0.586712	0.870803
0.500421	0.578384
-0.207810	-0.659385
-0.081285	-0.149910
0.950848	0.910571
0.921608	-0.540432
0.957773	-0.703836
0.852835	-0.394635
0.292275	0.258318
0.867538	0.704927
0.560553	-0.781642
0.840618	0.261706
0.734445	-0.184232
0.956530	0.393466
0.245894	0.736616
-0.308996	0.700424
-0.456647	-0.865331
-0.834607	0.758767
0.325284	-0.948819
-0.777420	-0.100070
-0.423654	-0.352809
0.672710	0.231326
0.406919	-0.917244
-0.439776	0.690852
-0.612105	0.343241
0.987456	0.181107
-0.686322	0.991363
-0.520552	-0.925428
-0.775562	-0.866298
-0.048469	-0.616590
-0.218353	0.141002
-0.997610	-0.837296
-0.779606	-0.843496
-0.070611	-0.765426
0.307203	-0.837910
-0.042659	-0.967341
0.379750	0.454901
0.846979	-0.829307
-0.598468	-0.444458
0.875423	-0.773166
-0.170021	0.461046
-0.698019	0.401858
-0.807920	-0.705640
0.727024	-0.900197
0.742183	-0.134299
0.664487	0.038682
-0.071295	-0.251609
-0.551311	0.112516
0.448383	-0.034253
-0.592723	0.107847
-0.928965	0.884737
-0.004148	0.284792
0.084411	0.697985
-0.640984	0.988948
-0.358210	-0.435422
0.107722	0.483525
0.195062	0.408285
0.131509	0.265909
-0.519795	-0.199000
0.369358	-0.192611
-0.847828	0.551755
0.666601	-0.433546
0.367971	0.491555
-0.884546	-0.570374
0.991720	-0.169437
-0.683879	0.052268
-0.859118	0.795845
0.741923	-0.500412
0.598091	0.114412
0.311376	-0.696126
-0.401630	-0.187050
-0.457874	0.516553
-0.005452	0.372304
0.602848	0.069196
0.916516	-0.108413
-0.860384	-0.478497
0.674817	-0.354197
-0.573125	-0.512609
-0.018652	0.513191
0.859829	-0.846294
0.956302	0.567044
-0.224705	-0.624496
-0.773179	-0.822539
-0.392780	0.543440
-0.674931	0.428800
0.219570	0.313464
-0.205803	-0.939176
-0.559187	-0.262365
-0.619665	-0.711618
0.098485	-0.770024
0.369365	-0.078863
-0.826811	-0.209216
-0.713604	0.460416
-0.434477	-0.258105
-0.221936	-0.085226
0.476800	-0.428285
0.280136	0.241855
-0.800920	0.930497
0.528232	-0.008602
-0.845666	0.883358
0.143617	-0.232962
0.872076	0.983915
-0.124467	0.083210
-0.651979	0.185924
0.618499	-0.887160
-0.841547	0.119631
-0.035617	-0.622041
-0.613289	0.451412
0.548854	0.594276
0.236968	0.715839
-0.987288	0.650348
0.965649	-0.329143
0.913280	-0.503683
-0.691686	0.833076
-0.896786	-0.274641
0.670411	-0.395219
0.034419	0.479611
0.197463	0.754815
-0.873799	0.059286
-0.415937	-0.650446
-0.271691	-0.316471
-0.292346	0.541148
0.036826	0.931923
0.307338	-0.569828
0.765573	0.978061
-0.625302	0.553312
-0.288396	0.927996
0.517561	0.647047
-0.244145	0.662232
0.326151	-0.374085
-0.982744	-0.984527
0.183981	0.171924
-0.994243	-0.243223
-0.111041	-0.265252
-0.814534	0.121646
0.054566	-0.903241
0.114187	-0.856604
0.235063	0.703344
0.949400	0.574006
0.817384	-0.231200
0.388788	0.364431
0.478908	-0.996292
-0.240913	0.979567
0.919439	-0.981808
0.454007	0.502308
0.592212	-0.698383
0.198161	0.484790
0.936325	0.808305
-0.271048	0.499508
0.520771	0.601114
-0.355380	-0.869582
-0.421795	0.890777
0.195160	0.057661
0.812211	0.830125
-0.496174	0.801344
-0.707894	0.430221
-0.650884	0.599852
-0.599211	-0.934373
0.137489	0.779062
-0.078918	-0.369915
-0.820209	0.749165
-0.633659	0.099896
0.804382	-0.747171
-0.529277	0.433143
-0.913390	0.649068
0.369924	-0.685326
0.324829	-0.594650
-0.768100	0.537151
0.910766	-0.749156
0.197513	-0.406182
-0.662357	-0.227329
-0.760559	-0.717147
0.202227	0.830563
0.627780	-0.902580
-0.341628	0.263357
0.960446	0.213168
0.186169	0.941115
0.528949	0.039139
-0.922886	-0.952249
-0.446260	-0.290338
-0.991923	0.756483
0.699749	0.679772
0.817928	0.910312
0.088880	-0.191582
-0.377201	0.377582
0.858318	-0.257560
-0.066737	0.344770
0.861119	0.819914
-0.364486	0.076406
-0.297116	0.373566
0.734599	0.403025
0.434441	-0.347656
0.701726	-0.098950
-0.605885	0.886473
0.892666	-0.959644
0.005956	0.107175
-0.117416	0.594179
-0.939025	-0.200683
0.528701	-0.117258
0.999652	-0.845625
0.795365	-0.308364
-0.561135	-0.995669
-0.360127	-0.650526
0.509795	0.128941
-0.402994	0.880874
0.955977	-0.896857
-0.227806	-0.743623
0.613386	-0.815310
0.261224	0.396705
0.432094	0.197801
0.979869	0.655257
0.859767	0.107884
0.456473	-0.053357
0.440909	0.355385
0.655854	0.940191
0.829785	0.193544
-0.669446	0.613005
-0.148347	0.724220
-0.088898	-0.101233
0.441166	0.668998
0.097166	-0.938168
0.622593	-0.082229
0.935848	0.797030
-0.470988	0.103345
0.946102	-0.861607
-0.458654	-0.602962
0.688102	0.931351
0.742938	0.559571
-0.175141	0.400661
-0.947876	-0.956312
-0.438465	0.722128
0.261160	-0.686840
-0.761371	-0.360685
-0.482452	-0.573539
0.701887	0.617646
0.524106	0.656716
0.266809	0.257193
-0.415968	0.826534
-0.942708	-0.085413
0.536355	0.520939
0.479513	-0.820227
-0.497182	-0.140867
-0.167476	-0.774640
0.164629	0.912353
-0.384809	0.522977
0.346965	-0.561613
0.518992	0.692017
-0.526536	0.511268
-0.246485	-0.667840
0.975993	-0.489735
-0.852635	-0.233077
0.545770	0.751076
-0.207416	-0.035209
-0.278826	-0.222302
0.616288	-0.045900
0.783595	-0.119206
0.963811	0.765652
-0.412067	0.394259
0.297920	-0.854890
0.645876	-0.767429
0.883759	-0.667428
-0.336260	0.484458
0.462638	-0.447771
-0.691587	0.502988
-0.718137	0.270806
0.035050	-0.921105
-0.094273	-0.444489
0.327715	-0.101104
-0.745580	-0.958344
0.818943	-0.021018
0.417294	-0.533700
-0.096618	0.136406
-0.626345	-0.976847
0.619511	0.117193
0.300083	-0.503643
-0.665278	0.678921
-0.661697	0.858911
0.158914	0.861061
0.366424	0.492544
0.384807	-0.546644
0.695036	-0.526513
0.594105	-0.884349
-0.188573	0.649525
0.433100	-0.887897
0.893081	0.012148
-0.787325	-0.575600
0.003288	-0.733131
-0.679456	0.377356
-0.301474	-0.876727
0.599572	-0.999690
-0.931640	-0.072964
-0.318167	0.559409
-0.248791	0.575854
0.184306	-0.373676
0.207598	-0.903522
0.360627	-0.938318
-0.040014	-0.523550
-0.108493	0.552407
0.207412	-0.026369
-0.380412	0.409678
0.076120	-0.658221
0.448390	0.083863
-0.644932	0.630994
0.497342	0.826094
-0.972261	-0.786204
0.319729	-0.315511
0.142065	-0.312726
-0.210632	-0.084710
-0.947299	0.745819
-0.712123	-0.651135
-0.157551	0.047176
-0.828577	0.111861
0.015620	0.525719
-0.847844	0.290574
0.594399	0.058207
-0.705360	-0.988101
-0.847715	0.454095
-0.163132	0.233317
0.656971	-0.289671
0.614179	0.514375
0.158313	0.769052
0.525111	-0.466892
0.478782	0.889587
-0.483749	-0.368741
0.551201	0.038676
-0.451747	-0.504706
-0.261614	-0.939205
0.238224	-0.166519
-0.013123	-0.561494
-0.092496	-0.574759
-0.511293	0.698841
0.389584	-0.260649
-0.626241	0.770687
-0.309832	0.648100
0.644983	0.232223
0.777609	-0.730877
-0.964928	0.462582
-0.771555	0.469326
-0.329541	-0.594808
0.642061	-0.882251
0.370921	0.077536
-0.642011	-0.283802
-0.447464	-0.531787
-0.249218	-0.608377
-0.621594	0.875207
0.983019	-0.397853
-0.936945	0.760287
0.608113	0.557038
-0.074108	0.467181
0.166204	-0.615845
-0.599693	0.968058
0.861194	0.091339
-0.815955	0.245193
-0.008402	0.791880
0.001907	0.047362
0.349649	0.554385
-0.509421	0.167545
0.524429	0.082503
0.643767	-0.200126
0.126295	0.645808
0.845556	-0.739914
-0.210611	0.254438
0.197518	-0.318715
-0.788482	-0.020684
0.231517	-0.900516
-0.800399	-0.300729
0.557141	-0.137064
0.687219	0.086607
-0.481289	0.974337
0.384492	0.149927
0.854240	-0.786204
-0.577175	-0.583614
0.578724	0.616247
0.512889	0.128074
0.186618	0.486361
-0.051867	0.277383
0.973352	-0.873310
0.489723	0.780542
0.370468	0.454684
-0.035904	0.558027
0.033765	-0.513886
0.282053	0.468370
-0.491101	0.059713
0.911045	-0.067031
-0.361064	-0.406401
0.154510	0.847462
0.084031	0.301164
-0.657110	-0.050413
0.996375	0.081639
-0.708657	-0.394397
-0.020359	-0.171595
-0.836589	-0.555426
0.654731	0.062378
0.936875	0.061062
0.682019	0.697008
-0.952252	-0.505900
-0.271837	-0.765280
-0.249424	-0.065300
0.697835	0.520908
-0.920151	-0.978904
-0.187320	-0.295021
0.973317	0.531792
-0.424104	0.077291
0.505609	-0.223716
0.086822	-0.779861
0.462669	0.079132
-0.530105	0.524480
-0.829939	-0.777968
-0.777117	0.989856
-0.558457	0.016645
0.414513	0.724640
-0.039009	0.381392
-0.740839	0.719683
0.638118	0.851645
-0.055578	-0.104649
-0.565677	0.669087
-0.452255	0.953719
0.322807	-0.577841
0.148070	0.604894
-0.730936	-0.844796
-0.408299	-0.274151
0.940155	-0.813907
0.886222	0.733721
0.681010	-0.271390
0.944824	-0.349937
-0.937668	0.621448
-0.002203	0.982001
0.530464	-0.485606
0.023632	-0.825041
0.865841	0.192666
-0.652357	-0.169793
-0.567135	0.167010
-0.089469	0.301415
-0.877210	0.730035
-0.843295	0.748097
0.636188	0.409279
0.063964	-0.954274
-0.037381	-0.267357
-0.440399	0.219232
-0.819418	0.041721
-0.572796	-0.975531
0.363182	0.005987
0.858367	0.567872
0.845376	0.239765
-0.634923	0.853245
-0.558557	0.329530
0.122875	-0.843194
0.451705	-0.186221
-0.289333	-0.818048
0.226841	0.521219
0.896964	-0.721191
-0.899972	0.164834
-0.455120	0.804362
0.815788	0.955221
-0.647589	-0.025909
-0.057507	-0.523287
0.181066	-0.830273
0.393862	-0.356022
-0.794896	0.174601
-0.943170	0.149389
-0.786137	-0.607746
-0.230728	0.154644
0.889114	-0.661834
-0.224100	-0.455131
0.366038	0.008272
-0.587894	-0.727116
0.415275	-0.467491
-0.180816	-0.969048
0.726045	0.646427
0.569840	-0.697511
-0.629785	-0.795308
0.889707	-0.698741
0.732240	0.762371
0.012447	-0.798356
0.764411	-0.546069
-0.763406	-0.563170
-0.942979	-0.643788
-0.729182	0.636715
-0.128450	-0.860250
-0.330097	0.064874
0.311318	0.320397
0.705493	-0.783638
0.044075	0.771603
-0.905599	-0.395019
-0.582847	0.095294
-0.612735	-0.230935
0.628815	0.497708
-0.089824	0.334623
0.096812	-0.880699
-0.587976	-0.114527
-0.328211	-0.246736
0.755366	-0.560097
-0.291896	0.095660
0.497767	-0.033424
-0.020599	-0.203944
0.690540	-0.088089
-0.097882	0.892384
0.117160	-0.890355
-0.629792	-0.915553
0.189080	-0.134576
0.654730	0.052391
-0.300693	0.250067
0.450640	-0.085206
0.272457	-0.817682
-0.169284	0.848106
0.459881	-0.777404
-0.539132	0.811955
0.679253	0.205917
-0.752019	0.814959
0.146444	-0.715021
-0.596248	0.855673
-0.776436	0.438582
-0.799474	-0.757779
0.876937	0.678954
-0.993293	-0.271701
-0.110021	0.884686
0.136850	0.034521
-0.333631	0.669462
0.249132	-0.831737
-0.671881	-0.309029
0.478159	0.424808
0.169154	0.968305
0.318712	0.587097
0.567667	0.773631
0.075275	-0.861344
0.279278	-0.177714
0.601919	0.458203
-0.907527	-0.802793
0.770279	0.076859
0.497609	-0.677265
0.461036	0.630051
0.042806	-0.565537
0.818637	0.826883
-0.964551	0.793912
-0.739733	-0.687556
-0.424077	0.535807
0.982238	0.477655
0.055125	0.479371
0.990243	-0.985101
0.485422	0.482296
-0.810611	0.055332
-0.224637	0.523304
-0.062132	-0.245035
0.548866	0.795727
-0.108637	0.144530
0.990524	-0.260166
0.743067	0.718866
-0.603744	0.881463
-0.172492	0.922059
0.538589	0.061121
0.544501	-0.571773
-0.988040	0.019668
0.946443	0.871553
0.943585	0.840201
0.963256	-0.562332
0.089798	-0.761927
0.523285	0.855071
-0.067835	-0.110639
-0.766871	-0.799231
0.673478	-0.853975
0.839412	0.005106
-0.469506	-0.986464
-0.646905	-0.528941
0.820889	0.679541
-0.834396	0.307086
-0.877904	-0.938722
0.907914	-0.695592
0.571114	0.715811
0.146364	-0.060921
-0.659435	0.873856
0.858204	-0.164329
-0.832978	0.131650
0.334689	-0.880626
0.147121	0.665272
0.725981	-0.435474
-0.307097	0.625124
0.469485	0.628142
-0.190735	0.313743
0.036914	0.413814
-0.124783	0.775507
-0.915747	-0.964679
0.787084	0.517737
0.324411	0.379274
0.827866	-0.053633
0.184386	0.978282
-0.734013	-0.559863
0.167278	-0.559988
0.021762	-0.245801
0.421704	-0.418390
0.802890	0.170803
0.941433	0.663013
0.653343	0.734679
-0.413443	-0.736200
-0.151773	-0.852235
0.560678	-0.688652
0.728098	-0.861527
0.167948	0.694988
-0.561921	-0.205954
0.909197	0.874101
-0.823101	0.139602
0.314265	-0.146136
-0.594357	0.634771
-0.577359	0.330370
0.245205	-0.833137
-0.633619	0.762289
-0.883052	0.540735
-0.135101	-0.636252
0.410676	0.232102
0.075487	0.713945
-0.415556	-0.251716
-0.344933	0.718096
-0.003940	-0.227590
-0.409201	0.565389
-0.230394	-0.229498
0.043176	-0.334026
-0.773323	0.756656
0.700314	0.178167
0.964035	0.540325
-0.536140	-0.901603
0.108595	-0.839763
0.200957	-0.519068
0.346405	0.022811
-0.191420	0.804911
-0.155082	-0.464145
-0.268232	-0.175204
0.920799	-0.125444
0.058781	-0.074536
-0.522705	0.904114
-0.646361	0.610536
-0.728054	-0.395954
-0.195331	-0.936106
-0.826931	-0.226838
0.199687	0.132146
-0.400756	0.487063
-0.723823	0.710477
0.826358	0.602799
0.484988	-0.807388
0.531612	0.798458
-0.472411	0.189201
0.024099	-0.973503
0.016589	0.809513
-0.706560	0.853285
0.247986	-0.102324
-0.380312	0.101912
0.324944	-0.660613
-0.064800	0.911325
0.601869	-0.379939
-0.667455	0.088218
-0.209980	0.866165
-0.840508	-0.418111
-0.192069	-0.099789
-0.226095	0.026486
0.513543	-0.877755
-0.454061	0.590788
-0.052199	0.696446
0.316178	0.006295
0.133313	0.589318
-0.327955	0.052163
-0.065570	-0.040862
-0.764756	0.742644
-0.399718	-0.064250
-0.179603	-0.585661
0.062134	0.277905
-0.218312	0.826670
-0.659553	0.900374
0.558239	0.314619
-0.002255	0.108547
-0.658859	0.559629
0.005770	0.978882
-0.078947	-0.863822
0.687266	0.874347
-0.428211	-0.937683
-0.524026	0.691767
-0.849078	-0.462187
0.806684	-0.055808
0.383615	-0.585452
0.806957	0.517938
0.438011	-0.346374
0.705224	0.696102
0.404680	-0.536175
0.557609	-0.261545
-0.858029	-0.897730
-0.493999	-0.638398
0.691376	-0.041587
-0.435211	-0.583995
-0.570405	-0.797237
0.214639	-0.565172
0.086271	-0.039114
0.829993	-0.315175
-0.514796	-0.184523
-0.029070	-0.583508
-0.600649	0.891945
-0.540189	-0.959960
-0.115415	0.215150
0.899399	0.198292
0.953578	0.782127
-0.023069	0.284195
-0.391495	0.142419
0.199647	-0.532407
0.699242	0.155400
-0.484662	0.294064
0.143373	-0.326670
0.582171	0.556111
0.823540	-0.770605
0.303949	0.466194
0.457172	-0.310892
0.256643	-0.599085
0.268831	0.247209
0.610777	-0.668178
0.669028	0.356692
0.073243	0.990689
0.775570	-0.991387
0.142468	0.456035
0.694365	0.184842
0.064920	-0.888851
0.847922	-0.976104
-0.470142	0.330385
0.750017	-0.463353
0.905069	-0.500354
-0.570596	-0.009664
-0.235811	0.729025
-0.083144	0.599554
0.147081	-0.013071
-0.315553	0.496990
-0.227567	-0.711556
0.574852	-0.462267
0.574708	-0.887972
0.552819	-0.765536
-0.777527	0.106439
-0.687886	0.707065
0.034192	0.666964
0.951096	-0.935959
-0.536080	0.097997
-0.179255	-0.742666
0.160325	0.576478
-0.755722	0.578747
0.176673	-0.653456
-0.930822	-0.320515
0.941748	-0.047614
0.758502	0.144411
-0.483195	0.946721
0.209125	0.767282
-0.860659	0.911083
-0.614098	0.859451
0.368544	0.126269
0.029559	0.799380
0.832338	-0.894661
0.996287	0.589323
0.801488	0.614308
-0.586842	0.948332
-0.111582	0.634308
0.481266	0.640121
-0.407290	0.670424
0.912078	-0.713340
-0.912146	-0.431266
-0.669648	-0.777205
0.704806	-0.322148
0.650779	-0.359721
0.695946	0.762300
-0.373183	-0.086064
0.035829	0.178327
0.315935	-0.084267
0.220761	0.333943
-0.476333	0.275503
-0.304261	0.287478
0.013394	-0.879035
-0.430949	-0.953604
0.160317	0.442678
0.161623	0.390056
0.305474	0.095190
-0.873119	-0.504072
-0.812758	-0.017484
0.023609	0.804192
0.774491	0.877561
0.810546	0.842277
0.601655	0.014703
-0.106428	-0.729506
0.538630	0.749481
0.658204	0.437826
-0.120732	0.855747
-0.305968	-0.402395
0.194390	-0.886872
0.005414	0.999066
-0.298745	-0.999239
-0.688305	-0.337497
0.298547	-0.320034
0.746254	0.293369
-0.329077	-0.795831
-0.501477	-0.330170
-0.938719	0.945953
-0.227246	0.683599
-0.204806	-0.170554
0.040469	0.165170
-0.654597	0.181599
-0.771050	0.961249
-0.590399	-0.831526
0.014452	0.889938
-0.088730	0.716682
-0.744235	-0.356103
0.053933	0.449939
0.565021	0.314500
-0.390741	0.817365
0.343999	-0.401607
0.327775	0.911988
-0.320603	-0.370530
-0.858917	0.181532
0.788993	0.606493
-0.525392	-0.260423
-0.166067	0.912603
-0.097993	-0.963498
-0.505923	0.949103
0.822167	0.169138
-0.054061	-0.609031
-0.211516	-0.943354
-0.734160	0.965972
0.183773	0.667714
-0.838911	0.422829
0.285170	0.844813
-0.378630	0.373716
-0.028798	-0.013065
-0.096608	0.303249
0.877168	0.555120
0.657545	-0.642028
-0.781697	0.015605
-0.516556	0.241490
0.281122	0.824914
-0.795892	-0.553167
0.610863	0.766833
0.922617	0.426275
-0.007731	0.062477
0.883887	-0.509385
-0.148883	-0.277498
0.619667	0.743174
-0.821153	0.887525
0.813173	-0.998029
-0.886377	0.661492
0.464783	-0.386100
-0.057621	-0.438446
-0.258117	-0.169871
0.124456	-0.262309
0.902360	-0.031385
0.241320	-0.131791
0.517289	0.069388
0.376393	0.039535
0.995526	-0.200452
-0.657600	-0.277399
-0.518501	-0.445122
0.847348	-0.624655
-0.277680	-0.971845
0.676579	-0.734175
0.896758	-0.184141
-0.741145	-0.420238
0.915878	-0.834922
-0.385193	0.056596
-0.151534	-0.836180
0.123974	-0.377377
0.084370	0.013350
-0.437224	-0.423447
-0.085912	0.073589
0.602326	-0.703022
-0.918450	-0.397535
0.906255	-0.572164
0.756519	0.813752
0.846374	-0.984350
-0.407944	-0.311224
-0.607032	-0.390188
-0.728267	0.023920
-0.946279	-0.112257
0.581526	-0.291910
0.296782	0.020359
-0.575996	-0.771786
0.695678	0.256377
0.234464	0.635737
-0.820802	0.782816
-0.388454	-0.748776
0.750251	-0.527848
0.041207	0.570513
-0.089989	-0.453396
-0.674284	-0.684751
0.718475	-0.590364
-0.100099	-0.355843
-0.463306	-0.789784
0.230463	-0.602965
-0.616496	0.550503
-0.188214	0.681167
-0.165929	-0.767834
-0.289194	-0.475209
0.061133	-0.540727
0.407688	0.016489
-0.570161	-0.696877
0.357156	0.714784
0.173274	0.216647
-0.622019	-0.274901
-0.108305	-0.283815
-0.311358	0.998286
-0.034077	-0.735448
0.066863	-0.240916
-0.367255	-0.462222
0.062216	-0.333775
-0.271410	0.406915
-0.847427	-0.710195
-0.171520	-0.742634
-0.484959	-0.702211
0.485655	0.396638
0.135570	0.523589
0.605775	-0.737910
0.997525	-0.589107
-0.958838	0.817874
0.902774	0.919684
0.942489	0.417789
-0.995778	-0.034804
-0.778591	0.221338
-0.480762	-0.163490
-0.055925	0.065676
-0.041343	-0.859648
-0.487097	-0.635875
-0.466753	-0.720992
-0.813141	-0.463720
0.090550	-0.127506
-0.222745	0.317115
0.399194	-0.750840
-0.140787	-0.202388
0.883587	0.442716
0.937128	0.313112
0.381393	0.071559
0.890693	-0.127202
-0.395725	-0.954667
0.806215	0.052770
-0.048205	-0.184141
-0.633438	-0.199624
0.677059	-0.676443
-0.356118	0.718344
0.574484	-0.654052
0.274737	-0.491247
0.805257	-0.041235
0.076210	0.858655
0.182358	0.898749
0.199033	-0.856812
-0.299089	-0.794384
-0.599589	0.702820
-0.585164	-0.853885
-0.378273	0.369325
-0.253035	-0.753363
-0.772039	0.335239
0.332649	0.825539
0.322255	0.135827
-0.414063	0.835946
0.412452	0.080637
-0.788078	0.780212
0.353954	0.911313
-0.369652	-0.744357
0.840809	-0.518322
-0.676378	0.109187
-0.448468	0.596533
-0.353812	-0.514894
0.122747	-0.993082
0.177766	-0.280804
0.930673	-0.182139
-0.411733	0.002572
-0.686744	-0.114699
-0.328934	-0.397378
0.500652	0.451873
0.584683	0.763893
-0.924694	0.661638
0.657043	0.927392
0.378895	0.081930
-0.947296	0.794530
-0.073702	-0.707849
-0.903553	-0.011994
0.018923	0.040175
0.869623	-0.240514
-0.821757	0.723279
-0.368858	0.600934
-0.713739	0.191896
-0.927116	-0.038472
0.766691	-0.224236
0.524858	-0.719647
-0.499104	-0.434016
0.575481	0.115885
-0.072384	-0.558817
0.819597	0.973779
0.468626	0.192106
0.212227	0.899182
0.269791	0.379985
0.639116	-0.382080
0.949039	0.492714
-0.260024	-0.226617
0.853299	-0.604611
0.452985	-0.675320
0.936661	0.458255
0.762989	-0.438597
-0.893745	0.828044
0.556612	0.985360
0.504176	-0.315065
0.408532	0.192454
0.082993	0.862386
-0.550263	-0.270953
-0.796668	0.395783
-0.424230	-0.026327
-0.228750	-0.598391
0.755034	-0.143601
0.613686	0.227611
-0.526271	0.966131
0.912408	0.836901
0.919211	-0.823976
-0.820657	-0.786486
0.252218	-0.965715
-0.803713	-0.008716
-0.660789	0.125778
-0.863344	-0.219988
-0.945840	-0.725776
-0.175865	0.230156
0.743374	-0.107591
-0.520537	-0.663918
0.559946	-0.981827
-0.462819	-0.606485
-0.439697	0.017077
0.404650	0.948224
0.686918	-0.967146
-0.465577	-0.944946
0.355409	-0.635400
0.042639	0.636990
-0.001818	-0.559992
0.273322	-0.271983
0.033403	-0.602801
0.479417	-0.442336
0.759175	-0.544027
0.973576	0.893694
0.888521	-0.627213
0.893720	0.759334
0.491132	0.460349
0.390221	0.449957
0.921500	-0.347432
-0.936586	0.799787
0.493817	-0.424593
0.323793	-0.006584
0.508699	-0.291765
-0.376298	-0.448341
0.080096	0.173024
0.000916	-0.611738
0.099939	-0.328430
-0.441640	-0.651769
0.106675	0.880284
0.228037	0.617018
0.675305	-0.154619
0.748989	0.263286
-0.958895	-0.152564
0.121016	-0.086687
0.433057	0.380650
-0.548249	-0.413860
0.516236	0.382310
-0.650845	-0.754378
-0.459525	0.755920
0.623007	0.884100
0.004774	0.242723
-0.197856	0.627144
0.653044	-0.297379
0.980435	0.175299
-0.367860	-0.627924
-0.428740	0.170481
-0.367609	-0.411812
-0.850772	-0.922121
0.128556	0.637791
-0.134641	-0.904379
0.800907	0.837889
0.179764	-0.705022
0.523235	0.018808
0.248268	0.644509
-0.819598	-0.978788
-0.004710	0.836862
-0.685646	0.351119
-0.696269	-0.197807
0.352761	0.846474
0.271929	0.316263
0.780668	0.679807
0.638565	0.365023
-0.259731	0.705404
0.993434	0.653061
-0.579739	0.333710
0.746011	0.200068
-0.769175	0.480261
-0.252506	0.139428
-0.973140	0.436421
-0.844163	0.159635
0.369181	0.820001
0.727616	-0.964903
0.573255	0.693975
0.983422	0.371221
0.314056	0.340528
0.774921	0.094224
0.262592	-0.619174
-0.958380	0.513340
-0.347409	-0.907717
0.968103	0.911941
-0.381949	0.584930
-0.350690	-0.039182
-0.246508	0.940559
-0.042008	-0.031226
-0.527608	0.491961
-0.971823	0.569018
-0.286289	0.334209
-0.797022	0.449480
-0.704162	-0.852434
-0.705603	0.936975
-0.377303	0.667661
0.060195	-0.309124
0.212192	0.307430
-0.266684	-0.150835
-0.322127	0.016675
-0.122853	-0.797106
-0.891642	0.168453
0.911720	-0.719140
0.149619	0.646089
0.123921	0.746884
0.969209	-0.509448
-0.683583	-0.974074
-0.700281	0.375220
-0.730507	0.365498
-0.297460	0.591867
0.784241	0.737455
-0.159686	0.149718
-0.065474	-0.424529
-0.504911	-0.036417
-0.542932	0.946669
-0.232778	-0.298520
-0.135138	0.733302
0.307949	-0.299941
0.807085	0.671269
0.518008	0.165793
0.185693	0.950611
-0.413542	-0.392776
-0.790597	0.437691
-0.018483	-0.641689
-0.057712	0.027523
0.646825	-0.810542
-0.790968	0.207776
-0.861896	0.113055
0.765825	-0.780266
0.903997	-0.521493
-0.620065	0.559661
-0.352437	0.597611
0.429038	0.836219
0.947304	-0.665536
-0.454824	-0.222544
-0.048184	0.175355
-0.998279	-0.069341
-0.351037	0.124663
0.515516	0.280552
-0.176836	-0.078244
0.606075	0.309503
-0.524794	-0.211286
-0.810176	-0.626888
0.987113	0.414560
-0.690024	0.763165
-0.832588	0.689788
0.047335	-0.442967
-0.447920	-0.194272
-0.247379	0.300162
0.088709	0.936109
-0.810218	0.670382
0.791768	-0.755687
0.047048	0.738885
0.771364	0.311360
0.266975	-0.946163
-0.212427	-0.259918
-0.140241	0.975063
0.705084	0.353857
-0.572201	-0.983919
0.640604	0.627302
0.287804	-0.882653
0.950941	0.458533
0.413901	0.425921
0.252393	-0.026318
-0.821766	0.579242
0.634114	-0.447304
-0.539988	0.420843
-0.266028	0.875298
0.164333	-0.057501
0.360318	-0.131521
-0.252353	0.710531
-0.149101	0.063721
0.434894	-0.743712
-0.003100	-0.106425
0.775730	-0.311544
-0.548560	0.351332
0.119797	-0.574243
0.463713	-0.382758
0.550522	0.626797
-0.885908	0.537871
-0.628950	-0.766041
0.604788	0.671424
-0.815431	-0.955197
-0.897973	-0.233667
0.261777	-0.321550
0.225249	-0.234852
0.021757	-0.337870
0.861552	0.107829
0.638361	0.927885
0.527232	-0.813319
-0.739731	-0.666675
-0.745525	-0.041203
0.193303	0.840465
-0.141995	-0.505086
0.230359	-0.358544
0.820511	0.334875
-0.406043	-0.371404
0.431154	0.409588
-0.517762	-0.020447
0.277782	0.675426
0.614937	-0.755723
0.943892	-0.008608
-0.858314	0.309057
-0.015395	-0.736348
0.068718	0.950436
0.124215	-0.324429
-0.275612	-0.210619
-0.912676	0.654687
-0.162306	0.125796
0.085046	-0.625282
-0.131014	0.054225
0.888542	-0.278579
-0.077503	-0.591308
-0.801190	0.398043
0.311931	0.632265
0.946312	0.673032
0.617727	0.130005
-0.282089	0.925712
-0.202112	-0.899234
-0.617425	0.939291
-0.854461	-0.930695
0.456522	0.767222
0.989941	-0.065307
0.263688	-0.190250
0.597563	-0.751847
-0.663576	-0.716373
0.126572	-0.706330
0.316702	0.804903
0.536525	-0.630435
-0.962769	0.733312
-0.675266	0.806337
-0.035204	0.330108
-0.618402	0.522871
0.719119	0.232988
0.761443	-0.429140
0.635051	-0.694075
0.791553	-0.373004
-0.209326	-0.147178
0.214686	0.229768
0.097471	0.194725
0.477014	-0.820641
-0.355053	0.627612
0.678967	-0.598268
0.699100	-0.222658
-0.244547	-0.096558
-0.258577	0.101824
0.878686	0.073764
0.360394	-0.853256
0.156394	0.517883
-0.532624	0.187094
-0.327889	-0.835663
0.870077	-0.619822
-0.015301	0.837692
-0.216749	-0.902775
-0.603929	-0.231287
0.745138	-0.460208
0.390208	0.218813
-0.851496	0.904979
-0.527134	0.459737
0.050684	-0.155125
0.158283	0.267507
0.390056	-0.322534
0.112266	0.858715
-0.762537	0.048019
-0.755988	0.101547
0.030304	-0.675894
-0.353942	-0.698217
0.495444	0.930697
-0.712298	0.400860
-0.654643	-0.584744
-0.874668	-0.541104
0.334255	-0.176993
-0.197868	0.425177
0.727739	-0.888708
0.197552	0.252250
-0.426758	-0.519646
0.128071	0.489476
0.701609	-0.054869
0.305045	0.895102
-0.904185	-0.641612
0.582747	0.233667
0.388467	0.967006
0.250027	0.209496
-0.577442	0.930468
-0.503892	-0.908893
0.834475	-0.985823
-0.889524	-0.230724
0.391318	0.873418
0.339651	0.515850
0.899675	0.842240
-0.900343	-0.056676
-0.708291	-0.248881
0.740032	-0.288228
-0.537233	0.719922
-0.988597	0.643036
0.479088	0.034219
-0.654130	0.043703
-0.442624	0.813867
-0.177233	-0.758301
0.041675	0.423820
0.715688	0.568847
0.694940	-0.140686
0.921696	0.938470
-0.678698	-0.875586
-0.154806	0.171398
-0.712394	0.793981
-0.865129	-0.222860
-0.662876	-0.961964
-0.157593	-0.657996
-0.122763	0.718236
0.946901	0.560960
0.698200	0.650958
-0.452421	0.156403
0.675355	0.690629
0.963237	-0.875073
0.430527	-0.140734
-0.910801	0.170694
0.053937	0.514131
0.413403	0.071381
-0.342333	0.406485
0.597083	-0.823839
0.928761	-0.320764
-0.080571	-0.150568
0.581213	0.442368
0.232322	0.633218
-0.977070	0.379031
0.011056	-0.185864
0.409785	-0.750559
0.518635	0.704454
-0.809964	0.936286
0.301875	-0.383126
-0.519458	-0.527778
0.014454	0.930635
0.891956	-0.893683
-0.647707	-0.014793
-0.980932	-0.530261
-0.993973	0.291297
-0.811106	-0.255568
0.613772	-0.333777
0.706379	0.108644
-0.890796	0.385037
-0.040941	-0.097915
0.550081	-0.791302
0.924950	-0.363834
0.311002	-0.995570
0.107185	-0.536443
-0.668481	0.839495
-0.243329	0.365219
0.917233	-0.070048
-0.400462	-0.569254
0.805009	-0.208667
-0.697938	-0.236526
0.224732	-0.927210
0.252736	-0.270102
-0.236238	-0.445313
0.844723	-0.733775
-0.992496	-0.876745
0.929169	0.535793
-0.038395	0.701853
-0.902174	-0.845221
0.605229	0.077501
0.887108	-0.383969
-0.574130	0.596583
0.935832	0.523546
0.458802	-0.914999
0.697436	-0.195213
-0.944360	0.143984
0.844546	0.287274
-0.992210	-0.070321
0.651987	-0.055161
0.507905	0.362162
-0.686764	-0.435282
0.444362	0.391043
0.844119	-0.887503
0.251250	0.761385
-0.504014	-0.959433
0.665310	-0.133094
-0.160802	-0.606239
-0.775830	0.628875
0.770197	0.692625
-0.033924	-0.153012
-0.983707	0.833343
-0.092089	0.255627
-0.195158	-0.022380
0.782584	0.884581
0.818318	-0.533147
0.236899	-0.438440
0.539355	0.941571
-0.075983	0.961146
0.270229	-0.258720
-0.054400	-0.304984
0.808972	0.388930
0.313550	-0.165232
0.142345	0.398467
0.657382	0.612592
-0.826874	0.727462
-0.755127	0.572473
0.289630	-0.184987
-0.207911	-0.361010
-0.710268	0.531797
0.826378	0.927421
0.375160	-0.687915
0.482338	0.654779
-0.120130	0.969827
0.928718	0.960650
0.498917	-0.707238
-0.061631	0.163570
-0.501296	0.718999
0.069978	0.127183
0.824176	-0.078094
-0.547415	-0.409778
0.295193	-0.692495
-0.785176	-0.447780
-0.851831	-0.725875
-0.454849	-0.650099
-0.104891	-0.898825
0.622239	-0.031992
-0.067443	0.487805
0.993954	-0.610300
0.231729	0.662971
0.860368	0.212275
-0.117704	-0.256151
0.310916	-0.433932
-0.448660	-0.630404
0.858394	-0.971155
-0.661853	0.230049
0.496901	-0.588451
-0.934242	0.188416
-0.535738	-0.144472
-0.540505	-0.262326
0.420207	0.411803
0.053721	0.883337
0.361502	-0.239865
0.095947	0.576482
-0.007414	-0.605276
-0.525531	-0.600726
0.602284	0.591134
0.343452	0.390857
-0.544830	-0.956414
-0.367245	-0.288883
0.245338	-0.605001
-0.775661	-0.536289
-0.813619	-0.489709
-0.371638	-0.126075
-0.063082	-0.222849
-0.206860	-0.699071
-0.867253	0.077344
-0.232042	0.070994
0.729166	-0.910106
0.562042	0.235113
0.227807	0.753077
-0.564027	0.398132
-0.192646	0.193353
-0.977116	-0.391663
0.897965	0.093199
-0.114344	0.215173
-0.489188	0.222961
-0.506802	0.171838
0.079378	0.103026
-0.322840	0.033846
-0.001439	-0.190032
0.202196	0.310219
0.815109	-0.465127
0.658807	0.562518
-0.956467	0.651167
0.539115	0.903165
0.455945	-0.933359
0.076325	0.795869
-0.902387	-0.423578
-0.490789	-0.693254
-0.281010	-0.928053
0.911066	0.282964
0.472835	0.944456
0.984648	0.982731
0.384189	-0.928557
-0.464464	-0.249957
0.181237	0.054417
0.411387	0.188947
-0.764365	-0.680357
0.659745	0.342451
-0.710677	-0.340866
0.882230	-0.359974
0.754960	0.607671
-0.849462	-0.916187
-0.107306	0.507395
-0.047421	0.992068
-0.865437	0.607197
0.232978	-0.343654
-0.612261	-0.277763
-0.189824	-0.370099
-0.406813	0.700827
0.052940	-0.234049
-0.192109	-0.768129
0.887240	-0.164520
0.182182	-0.073628
-0.534570	-0.525909
-0.329909	-0.776356
0.256463	0.374020
0.578409	-0.678464
-0.391660	-0.628914
-0.729367	-0.476709
-0.654731	-0.060499
-0.860844	-0.196925
0.245513	0.334129
-0.387818	-0.062417
-0.600117	-0.158868
0.291561	0.261934
0.606923	0.559146
-0.139298	0.818749
-0.885150	-0.716260
-0.197102	-0.698536
0.105385	-0.787959
0.299791	0.588174
0.242889	0.230253
0.192955	0.986733
0.491833	0.239692
-0.634623	-0.105290
-0.654977	-0.195749
0.334352	-0.553225
-0.220398	-0.225008
-0.493993	-0.546203
-0.410070	-0.043531
0.591154	-0.472334
0.154458	-0.025460
0.082916	-0.425428
-0.512171	-0.054335
-0.628100	-0.469205
0.650579	0.287901
0.663837	-0.887243
-0.001465	-0.625726
-0.850648	-0.841888
0.416321	-0.896040
0.749374	0.721700
0.633770	-0.235045
-0.568248	-0.541033
-0.943717	0.955847
0.407694	0.111673
-0.467257	0.818265
0.709842	0.317672
-0.684809	0.417186
-0.408268	0.243908
0.826988	-0.819393
-0.342710	0.080008
0.928342	0.648730
-0.080579	-0.287608
-0.382597	-0.311959
-0.688871	0.153152
0.042255	0.175821
0.960670	-0.011579
0.002206	-0.929972
0.575613	0.322201
-0.930994	0.787547
0.214200	0.064955
0.099243	-0.029102
0.934330	-0.720252
-0.368714	-0.983927
0.130471	0.833689
-0.064138	0.039405
-0.535053	-0.628079
0.707519	-0.731215
0.346972	-0.437158
-0.026611	0.756627
0.780192	0.682714
-0.487336	-0.656907
0.268467	0.127771
0.072626	0.628889
0.346909	0.496969
0.411923	-0.813436
0.194401	-0.694797
0.196952	0.172606
0.399137	0.293153
0.828299	-0.785972
0.200692	-0.971850
-0.811553	0.234154
0.443377	-0.168004
-0.022305	-0.873954
0.925571	0.067323
-0.702868	0.899332
-0.063149	0.657777
0.899371	-0.265969
-0.172248	-0.970397
-0.278073	0.421401
-0.170686	-0.721913
0.384178	0.886130
-0.382288	0.887395
0.022471	-0.325880
-0.329470	0.591482
0.994457	-0.155473
-0.030754	-0.890452
0.414001	0.119500
-0.610959	-0.392746
-0.570224	0.245687
-0.779469	-0.532197
-0.596351	-0.879339
-0.006882	0.335255
-0.960827	-0.619396
0.500246	-0.366695
0.830247	-0.036358
-0.231972	-0.746019
-0.468793	0.988898
-0.320545	0.604040
0.090111	0.489004
-0.261004	-0.687867
-0.721076	0.868337
0.220808	-0.881495
-0.635208	0.059985
-0.831854	-0.965023
-0.572971	0.073051
-0.105368	-0.912448
0.827259	-0.258326
0.698473	-0.763838
-0.934232	0.366717
0.431568	-0.641269
-0.644525	-0.531608
-0.236005	-0.535682
-0.316475	-0.991395
-0.838643	0.925606
-0.699830	-0.049418
-0.425615	0.692071
-0.129791	0.603375
0.434424	-0.637013
-0.510952	0.430749
0.407803	-0.060244
-0.969442	0.589579
-0.069592	0.372147
0.591379	-0.697269
0.962891	-0.682959
-0.163173	-0.445479
-0.986271	-0.257707
-0.680444	-0.221496
0.137531	-0.517347
0.567942	-0.595272
-0.882162	-0.503950
0.898190	-0.115488
0.851763	-0.417542
0.587875	0.422247
-0.672514	-0.947475
-0.315365	-0.343145
-0.071403	-0.070520
-0.511171	0.744404
0.857265	0.046659
0.887078	-0.886312
0.508502	0.398683
-0.674885	-0.795560
-0.800456	0.743295
-0.639174	-0.589579
0.719783	-0.610773
-0.152304	0.219240
0.565276	0.594960
0.208612	0.136988
0.465867	-0.176956
-0.314683	-0.873194
-0.453262	0.019804
-0.967635	0.950570
0.560182	0.971585
0.064820	-0.564179
-0.716618	-0.196479
0.390836	0.783159
-0.557421	-0.567273
0.222284	-0.079809
-0.953644	0.107672
0.667255	0.552109
0.715948	0.945228
0.510310	0.774199
-0.790467	0.619871
0.645901	-0.349485
-0.281896	0.168584
0.397351	0.271122
0.335739	0.763642
0.358138	-0.777603
0.791031	0.856814
-0.795259	0.083182
0.486152	0.753166
-0.772570	-0.586337
-0.381436	-0.793542
0.634637	0.349551
-0.874406	-0.138771
-0.966538	-0.605949
-0.794630	0.653460
0.437027	-0.881520
0.556303	-0.219207
0.331846	-0.659013
0.656355	-0.634613
0.117902	-0.416640
0.702368	0.704038
0.848013	0.552824
-0.414970	-0.393183
-0.954354	0.165305
0.009851	-0.434199
-0.459627	-0.950588
-0.203658	-0.880948
0.268720	0.378616
-0.860120	-0.042714
-0.355312	0.264020
0.297913	-0.971488
-0.323790	0.066268
-0.842793	-0.825283
-0.601371	0.762731
0.989157	0.768705
-0.507241	0.796941
-0.361035	0.076471
-0.049651	-0.479524
0.679332	-0.469188
0.294214	0.849511
0.438904	0.656338
-0.676286	-0.344745
0.050493	0.633215
0.655547	-0.227107
0.749383	0.887181
0.332159	0.595423
-0.652674	0.502172
-0.403946	0.887125
0.388582	0.894250
0.845013	0.141709
-0.140913	-0.329595
-0.222270	0.307587
-0.492917	-0.449994
-0.988535	-0.309514
0.378144	-0.529794
-0.115883	0.357475
0.166948	-0.108070
0.777842	-0.809333
-0.060625	-0.923302
0.614396	0.160805
0.593178	-0.450762
0.458535	0.597330
0.877190	0.939786
-0.688471	0.867691
-0.580863	-0.566048
0.798131	0.188252
-0.954375	-0.182859
0.500082	0.882477
-0.435422	-0.130498
-0.960386	0.794664
0.025919	-0.372884
-0.403899	-0.323774
0.246783	-0.316271
0.058956	0.881124
0.534217	0.582392
-0.670577	-0.384614
0.942523	0.990867
-0.798518	-0.686611
0.411437	-0.978641
-0.736333	0.443014
0.711032	0.308176
0.414657	-0.866654
-0.205207	-0.911484
0.095342	0.415914
0.376117	-0.605712
0.713524	0.198989
-0.663920	-0.507526
0.126855	0.045277
-0.346004	0.712218
0.314347	-0.762152
-0.739629	-0.938034
-0.856287	0.389593
-0.241224	-0.245192
-0.570231	0.134772
-0.769138	-0.909486
0.532881	0.131998
0.824293	-0.105630
0.128033	-0.148467
-0.787944	-0.977925
0.684244	0.086470
0.428495	-0.288905
-0.339412	-0.494928
-0.055997	0.850256
0.510469	-0.546083
-0.819897	-0.009108
-0.790503	0.022688
-0.193766	-0.620769
-0.375252	-0.864367
0.850496	0.291353
0.092187	-0.618961
0.028046	-0.627398
0.764737	0.938400
0.572242	-0.331744
-0.273068	0.539937
-0.356961	0.560379
0.816633	-0.848669
0.571005	0.876223
0.432855	0.999925
0.188865	0.253664
0.039949	-0.568933
-0.863422	0.468923
-0.933240	-0.958922
-0.950965	-0.862342
-0.926107	0.915698
-0.956325	-0.951037
-0.985367	0.932760
0.954711	-0.176317
-0.252099	0.972819
-0.535354	0.297819
0.232888	0.154685
-0.730374	0.606860
0.679221	-0.330080
0.135046	-0.282063
-0.582555	0.991329
0.654094	-0.637020
0.176123	0.101864
-0.556953	-0.702226
-0.996841	0.093291
0.712655	-0.403654
-0.004966	0.528962
0.687639	-0.850439
-0.917834	-0.035657
-0.078582	-0.732848
-0.724289	0.876187
0.540501	0.204943
0.757026	-0.661188
0.510175	0.515415
-0.722342	-0.398053
0.142236	0.556233
-0.079872	-0.401888
0.565152	0.505085
0.863884	-0.698418
-0.779479	-0.696207
-0.068516	0.450434
-0.295889	0.999774
0.149680	-0.329189
0.102994	-0.973188
0.084318	-0.872439
-0.459155	0.980623
0.005433	-0.693624
-0.942664	0.639105
-0.386332	0.915175
-0.298187	0.365247
-0.045954	-0.354916
0.298221	0.208442
0.017925	-0.741047
-0.156746	-0.423301
0.240981	0.162848
0.240317	-0.984547
-0.571286	0.394052
0.615619	0.709955
0.139061	-0.809196
0.025086	-0.380614
0.086183	0.481499
0.030156	0.825006
0.403233	-0.866933
0.771783	-0.639022
0.290606	0.208470
0.539022	-0.663768
-0.804268	0.672504
-0.786369	-0.496137
-0.293072	0.342546
-0.825897	-0.853739
-0.899068	-0.629971
0.359583	-0.482518
0.049556	0.881223
-0.209273	0.743964
-0.046693	-0.761511
0.349592	-0.399321
-0.697197	0.217528
-0.572239	0.381081
-0.396500	0.024727
-0.079864	-0.275837
-0.415824	-0.745789
0.659014	0.049494
0.940610	0.831658
-0.717202	-0.017586
0.265189	-0.971121
-0.240136	0.034749
0.121801	-0.887546
0.045945	0.195477
0.081291	0.257398
0.150063	0.114668
0.606414	-0.002730
0.706681	-0.818100
0.049620	-0.039725
-0.280984	-0.505945
-0.252719	0.551147
0.362475	0.116809
-0.812741	0.267709
-0.765583	0.842323
0.604774	0.438589
0.343144	-0.780510
0.876700	0.698259
-0.375292	0.459403
-0.355502	-0.929029
-0.534810	-0.545610
0.375834	0.642836
0.549232	0.947018
-0.864449	-0.789881
0.292041	0.335930
0.429021	0.551950
-0.142788	0.162867
-0.179070	0.373403
-0.289650	-0.147946
-0.768701	0.442731
-0.194788	0.199099
-0.798845	-0.193245
0.178616	-0.006884
0.048878	-0.508133
-0.648355	-0.909349
-0.641374	0.426709
-0.403525	-0.043112
0.977652	-0.608248
0.994243	0.246807
0.172801	0.272647
-0.265425	0.996108
-0.161868	-0.514631
0.488501	0.243022
0.378682	0.505232
-0.809486	0.970430
0.677501	0.758905
0.697914	-0.160960
-0.147632	0.744756
-0.433976	0.164242
0.117533	-0.622685
0.741857	0.398857
0.208937	-0.400926
0.062137	0.340172
0.802137	-0.477189
0.388135	-0.617421
-0.965105	-0.525087
0.292484	-0.226953
-0.862017	0.078042
0.558522	-0.917338
0.500317	0.827061
0.734869	0.950364
-0.996708	0.334763
0.110438	0.133141
0.849945	-0.980406
-0.463401	-0.375312
-0.782463	-0.852057
-0.461757	-0.749763
0.287801	-0.926371
0.931304	0.420745
0.275592	-0.123802
0.792539	0.201258
0.272954	-0.461217
-0.746625	-0.523957
0.041752	-0.267407
0.942649	-0.897109
0.526083	-0.119923
0.843931	-0.050561
0.965833	0.751316
-0.394795	0.680963
0.460873	-0.101587
-0.612740	-0.314411
0.666508	0.002354
-0.860894	0.959158
0.001788	0.042919
-0.370238	-0.593858
0.732483	0.847860
0.719713	0.223849
-0.991548	-0.953480
0.893476	0.642946
-0.966855	0.073091
-0.011722	0.995157
0.608782	-0.204734
-0.169073	0.385140
-0.116798	0.982338
0.223280	0.671016
0.675613	-0.977492
0.893956	0.725300
0.693584	-0.938696
-0.987694	-0.172164
0.051547	0.355919
-0.541815	-0.276728
0.396626	0.088048
-0.565122	-0.011820
0.019330	0.886323
0.907124	0.031481
0.804782	-0.028530
-0.819726	0.861307
0.649182	0.800215
-0.412478	-0.512371
-0.187800	-0.352096
0.752804	0.381756
-0.715097	-0.627996
0.777726	-0.766301
-0.608812	-0.305482
-0.150327	-0.546881
-0.431824	0.326373
-0.015408	-0.963860
-0.890617	-0.593155
-0.473105	0.529053
0.290452	-0.373230
0.702704	0.342092
0.733849	-0.191482
0.296145	-0.696789
0.444752	0.952922
-0.208472	0.212895
0.153543	0.605523
0.803652	0.977639
0.257808	0.987297
0.510085	0.994298
0.955318	0.027218
-0.646405	-0.134612
-0.807114	0.835372
-0.905025	-0.746905
-0.459715	-0.437442
-0.555721	-0.000712
-0.450191	-0.352565
0.417514	-0.839168
-0.798042	-0.695967
-0.390370	-0.956915
-0.649058	-0.719591
-0.367251	-0.383097
-0.984950	-0.057005
-0.949123	0.093578
0.452094	0.349455
-0.902566	0.577639
-0.709937	0.080990
-0.801384	-0.856099
-0.743721	0.277087
0.427956	0.661856
-0.554448	-0.613186
0.615124	0.381008
-0.669734	-0.227526
-0.668441	-0.484447
0.872367	-0.135279
0.609205	0.912081
-0.175410	-0.120726
-0.632890	-0.982572
-0.731776	-0.963080
-0.809980	0.661126
-0.919463	0.586341
-0.045173	0.769185
0.373645	-0.149004
-0.307441	0.836271
-0.687094	0.013317
0.732786	-0.065798
0.523150	0.585909
-0.169785	0.422081
0.554850	-0.640547
0.129393	0.715504
0.624757	0.294986
-0.574168	-0.034926
0.456687	-0.464841
0.864798	0.658014
0.990374	-0.788991
-0.452960	-0.899818
-0.655599	-0.656005
0.087031	0.723284
-0.069081	0.956735
0.748083	-0.969896
0.093530	-0.041325
-0.732979	0.823364
0.561794	0.078700
-0.766955	-0.205833
-0.680132	-0.978486
-0.800691	0.779271
0.903608	0.935740
0.456148	0.476856
-0.467091	-0.404705
-0.463847	0.116523
0.882678	-0.839131
0.103033	-0.322331
0.346589	-0.883441
-0.711571	0.628325
-0.290233	0.046489
-0.015186	0.764184
0.347824	-0.116217
0.661587	-0.703805
-0.837212	0.983599
0.211598	0.324301
0.632638	0.747535
0.137789	-0.175497
0.818930	-0.249438
0.254544	0.121709
0.557755	0.191505
-0.312580	0.468561
0.789668	-0.048731
-0.557461	0.750706
-0.384813	0.452054
0.059469	-0.498319
0.646927	0.907988
0.522300	0.303302
-0.389637	-0.623559
-0.748364	0.252364
-0.468150	-0.197439
0.732133	0.964904
0.753949	-0.384238
-0.737383	0.806995
-0.082746	-0.712281
-0.126982	-0.180530
-0.252188	-0.532067
0.382679	-0.317659
-0.590330	0.324585
-0.188061	-0.733752
-0.192754	0.381752
-0.557753	-0.155175
-0.633508	0.636955
0.500348	-0.657353
-0.311740	0.590431
-0.746890	-0.976613
0.222197	0.468212
0.439281	0.998718
0.969523	0.765713
0.512937	0.930355
0.411641	0.455868
0.370260	0.951946
0.345653	-0.615680
0.056542	0.303903
0.368236	0.941926
-0.990830	-0.874027
-0.733410	-0.419815
-0.796899	0.524751
0.799419	-0.160692
-0.221819	-0.110868
0.145580	0.762697
-0.517740	0.346155
0.367261	0.558361
-0.003996	0.846519
-0.554408	0.070135
-0.641858	0.288506
-0.991305	-0.858332
-0.424996	-0.900078
0.996247	-0.082555
0.604963	-0.387489
0.234944	0.710484
-0.968292	-0.078725
0.779069	-0.192204
-0.679697	0.334489
0.799878	-0.448557
-0.547221	0.855947
0.153041	0.158194
0.452961	0.922076
-0.943426	-0.153972
0.604224	-0.804306
-0.710757	0.308709
-0.280733	-0.281255
0.005794	-0.628563
0.894370	-0.324728
-0.816266	-0.976529
0.458179	0.622147
0.178271	0.202573
-0.176129	-0.200680
-0.359613	-0.016914
-0.349074	-0.889711
-0.863769	0.635194
0.010325	-0.461086
-0.637730	-0.327474
-0.773348	0.332498
-0.302236	0.324968
-0.788160	-0.607685
-0.825840	0.100499
0.476917	-0.451782
-0.380948	-0.588940
0.410136	-0.837987
0.016499	-0.696233
-0.240041	-0.366590
0.749649	-0.655029
-0.973799	-0.644888
-0.814052	0.224787
-0.110245	-0.885245
0.202903	0.187329
-0.752287	0.307956
-0.539627	0.484902
0.863790	-0.282741
0.839716	-0.899145
0.631389	-0.238185
0.170248	-0.639101
0.820742	0.216395
0.961485	-0.328941
0.102944	0.179248
0.109631	0.566818
-0.792533	-0.102943
-0.709997	-0.916746
0.645198	-0.154593
0.866714	0.854085
-0.848820	-0.124328
-0.853895	0.578735
-0.700684	-0.400960
-0.435828	-0.967395
-0.873431	0.253544
0.817475	-0.692724
-0.002879	-0.383108
0.989491	0.373982
0.551843	0.823444
-0.735356	0.879517
0.033690	0.225223
0.076599	-0.595715
0.972093	-0.025638
0.778174	0.767988
0.700188	0.058629
-0.664692	0.517089
-0.678762	0.045768
-0.233288	-0.874797
0.794598	0.804736
0.131640	0.471208
0.997078	-0.112377
-0.488452	0.590033
-0.741340	0.305052
0.527679	0.697600
-0.960025	0.854466
-0.349935	0.643699
0.969078	-0.702663
-0.044652	-0.468083
0.324652	0.426227
-0.858117	-0.377305
-0.301439	-0.284631
-0.683348	0.972889
-0.100350	-0.582677
-0.391955	0.411703
-0.310364	-0.288643
-0.933057	0.110236
-0.549830	-0.993588
-0.054199	-0.922975
-0.709520	-0.904767
0.123650	0.190622
-0.460793	-0.546518
0.001928	0.395933
-0.290775	0.941605
0.767339	0.670868
0.290808	-0.382911
0.430978	-0.548858
-0.854130	0.636138
0.626158	-0.158944
0.032131	0.033793
0.973809	0.812717
0.107481	0.435853
-0.314767	-0.282629
0.161780	-0.966447
-0.356767	-0.180564
-0.095431	0.084334
-0.583597	-0.514459
-0.201488	-0.410647
-0.056626	0.280181
0.484497	0.940551
-0.498287	-0.714532
0.001041	-0.506742
-0.443279	-0.186721
0.370338	0.268137
-0.627061	0.981705
-0.548563	0.297659
0.697192	-0.291957
0.809484	-0.997509
0.393043	-0.133547
0.430166	-0.204605
0.966985	0.115147
-0.328693	-0.341111
0.608325	0.121213
-0.052129	-0.136298
-0.768546	-0.956848
0.732645	-0.427530
-0.492560	-0.452256
-0.459936	-0.137123
0.353916	0.270819
0.620851	0.650468
-0.089890	-0.777583
-0.673436	-0.432808
-0.052890	-0.926761
-0.588846	-0.732072
-0.939109	0.400932
0.757730	-0.836170
0.167501	-0.810234
-0.444331	0.127454
0.727121	0.716982
0.536242	0.625502
-0.161337	0.413613
-0.027502	-0.220211
0.459038	-0.947953
0.193605	-0.072379
-0.638944	-0.735233
-0.345947	-0.336158
0.501188	-0.528221
-0.220975	0.070545
0.019226	-0.872043
-0.935316	0.150717
0.911114	-0.910622
0.865129	0.215065
-0.152655	0.325796
0.008335	0.078775
0.784057	-0.359721
-0.528293	0.974253
0.726931	-0.466989
-0.262328	-0.938626
0.021359	0.974012
-0.112485	-0.528108
0.648184	0.032720
-0.966515	-0.221424
-0.396348	0.573369
0.418297	0.309492
0.521495	0.770179
-0.438255	0.252525
0.749169	-0.713716
0.323761	-0.544976
-0.951176	-0.415561
-0.837901	-0.606691
0.389029	0.404935
0.865216	-0.320167
-0.111265	-0.023584
0.971014	-0.164501
-0.286580	-0.547473
-0.899509	-0.049322
0.786421	-0.626981
0.371153	-0.035732
0.186505	0.581641
-0.651773	-0.350720
0.309478	-0.598191
-0.911580	-0.917672
0.175016	-0.513218
0.435066	0.161452
-0.156830	0.157637
0.716361	-0.127105
-0.152416	0.349739
-0.109037	-0.580575
0.435964	-0.754067
0.438238	-0.531113
-0.859265	0.331133
0.807777	0.310114
-0.194004	-0.626899
-0.370181	0.373215
0.294685	0.764319
-0.682682	0.163533
-0.788117	0.110478
-0.172435	-0.112261
0.461067	-0.854990
0.304186	0.453150
0.759277	-0.828206
-0.406102	0.651755
0.473588	-0.400383
-0.338533	0.277954
-0.157282	0.566716
0.615006	0.405053
0.096858	-0.103024
-0.358967	0.834785
-0.256755	0.719926
-0.917407	-0.857515
-0.102486	-0.474641
0.343540	-0.122086
-0.267864	0.015298
0.002148	0.104004
0.472529	-0.203447
-0.560726	-0.126418
-0.387437	0.350354
0.144979	0.660123
0.463268	0.150949
-0.006132	0.944444
-0.394883	-0.798926
0.307428	0.941491
0.857948	-0.471791
0.224714	0.765058
0.129549	-0.677877
0.803095	-0.379991
-0.607026	-0.291184
-0.804098	-0.470526
0.692389	0.987277
-0.801367	-0.580282
-0.995772	0.060068
0.978308	0.425790
0.717336	0.267542
0.309337	-0.972399
0.984400	0.813186
-0.225494	0.129108
0.284436	0.514055
-0.007480	0.280483
-0.544813	-0.672317
0.632544	-0.838165
-0.965440	-0.145469
0.038645	-0.494225
-0.696601	0.232933
0.001584	0.614797
0.781676	-0.364724
-0.948529	0.077583
0.921587	-0.878986
0.670367	0.851008
0.522913	0.601442
-0.621148	0.359376
-0.903426	0.124871
-0.900957	-0.389925
0.018729	0.774357
-0.492026	0.515589
-0.206271	-0.798134
-0.510260	0.057446
-0.129214	0.292311
0.876643	-0.255838
0.504425	-0.128975
0.604594	-0.595272
0.454104	0.130976
-0.315335	0.163722
-0.054259	0.066844
-0.516648	0.696831
0.339185	0.686335
0.390399	-0.567602
-0.520827	0.460333
0.114259	0.356937
-0.392781	0.525643
0.354669	0.916102
0.481204	-0.406562
0.641366	-0.554373
0.902573	-0.456064
-0.618913	-0.074724
0.285896	-0.953533
-0.642355	-0.061400
-0.065153	0.972676
0.881766	-0.159687
0.785386	-0.024531
0.646895	0.361535
0.652789	-0.570749
-0.081898	-0.457207
0.561706	0.589968
0.804951	0.810266
-0.326575	-0.740805
-0.182986	0.551133
-0.667168	0.899901
-0.274273	0.294795
-0.097118	-0.270617
-0.928856	0.718863
-0.428431	-0.647586
-0.611461	-0.830715
-0.375357	-0.620260
-0.058502	0.765036
0.719769	-0.843388
-0.151525	-0.688590
-0.651839	0.547186
0.115201	0.184971
0.716720	-0.078950
-0.999666	0.608674
-0.886759	0.247485
-0.747033	0.617686
0.510046	0.343707
0.287151	0.152306
0.687411	-0.686237
-0.851291	0.348080
0.177304	-0.052905
-0.921236	0.788474
0.119345	-0.161986
0.574311	0.452899
0.418871	-0.031626
-0.252792	-0.674838
-0.263391	-0.805397
0.387091	-0.155673
-0.301435	-0.217214
0.128889	0.229872
-0.359679	0.876563
-0.139326	0.347195
0.527101	0.992151
0.845977	0.334420
0.230136	-0.111993
0.803742	0.495485
0.864394	-0.134680
-0.466726	-0.260754
0.566517	-0.553557
-0.590910	0.576936
0.576430	0.065258
-0.051237	0.859840
0.583833	0.477826
0.132096	0.132879
-0.704375	-0.428709
0.199315	-0.117695
-0.967405	0.816421
-0.289855	0.414039
0.649447	-0.745923
0.039198	0.798164
0.860734	0.363723
0.299486	-0.535217
-0.810273	-0.251908
-0.374378	-0.178013
-0.086646	-0.266764
0.668414	0.031113
0.277392	0.125819
0.830935	-0.477092
-0.498525	-0.715982
0.278891	-0.674352
0.962010	0.505496
0.206460	-0.032092
-0.682509	-0.933088
0.485923	0.903610
0.987041	-0.807403
0.430278	-0.316681
-0.696292	-0.575241
-0.508502	-0.386317
-0.657906	0.567795
-0.593292	0.545026
-0.682959	-0.485174
0.206523	-0.973200
-0.236960	-0.591400
-0.475614	0.348727
0.983349	-0.858004
-0.192964	0.852686
0.924760	0.442131
-0.311638	0.301635
-0.730145	0.448778
-0.722918	-0.089837
0.751368	0.247784
-0.202005	0.893944
-0.699199	0.568727
0.629468	-0.538190
-0.864310	-0.452676
-0.101762	-0.318427
-0.842851	0.196218
0.207235	-0.993893
-0.750934	-0.943731
0.941425	0.523578
-0.657407	0.953577
0.932761	0.919034
-0.073858	0.669159
-0.577967	0.113922
-0.133206	-0.791648
-0.488642	-0.614333
-0.782153	0.349504
-0.411078	-0.988434
-0.644074	-0.949124
-0.559493	0.609078
-0.381913	-0.820157
-0.519562	-0.270398
0.976080	0.977553
0.874098	0.968593
0.102888	-0.758758
-0.025980	-0.652120
-0.086579	0.864224
0.198978	0.224591
-0.982373	-0.750573
-0.309138	0.325074
0.476413	-0.918489
-0.349365	0.223817
0.339863	0.082843
0.035701	0.034966
0.556206	0.149027
-0.386059	-0.496945
0.078347	0.781956
-0.118008	0.632557
0.330859	0.742056
0.508859	0.397094
-0.702374	-0.805186
-0.442318	-0.036601
0.767369	-0.833566
0.017162	0.438562
0.144850	0.499559
0.590549	-0.638146
-0.757600	-0.979944
0.482611	-0.754304
0.212655	0.100224
0.256174	-0.484872
0.065106	0.240930
-0.047022	-0.292328
0.887863	0.321672
0.396040	0.240488
-0.928216	-0.519363
-0.226128	-0.533506
-0.820696	0.560874
-0.582283	-0.425643
0.667547	-0.535999
-0.792055	-0.074435
-0.562466	0.632874
-0.920026	-0.881186
0.724839	0.373157
0.441108	-0.293959
-0.215066	-0.619059
-0.892171	-0.712003
-0.054571	0.820844
-0.782776	-0.116872
0.677198	-0.335905
0.635034	-0.977170
0.498981	0.370484
-0.103865	0.343230
-0.114324	0.551268
-0.217922	-0.620796
0.659599	-0.123309
-0.103940	-0.921151
-0.877737	-0.127004
0.471609	0.327655
0.867026	0.101165
0.711026	0.211254
0.491423	-0.656122
0.734139	0.681826
-0.357010	-0.258932
0.568922	-0.119685
0.939255	0.052682
0.810529	0.561702
-0.005575	0.309242
0.593473	0.494345
-0.538309	0.641823
0.906273	-0.267593
-0.414947	-0.016437
-0.454304	0.514580
-0.800408	-0.463815
-0.794308	0.059243
0.504249	0.908102
-0.079650	-0.681545
0.491863	0.739061
-0.004305	-0.358940
0.987148	0.990721
0.215388	0.021649
-0.169862	-0.867408
0.441814	-0.436117
-0.979087	0.481085
0.544463	0.782629
0.962578	0.050254
-0.604051	-0.288965
0.287054	0.508800
-0.005693	0.324976
0.273625	0.820040
0.816835	0.548273
0.156965	0.102415
-0.483165	-0.546678
0.632165	0.790560
0.052464	-0.232567
-0.792334	-0.753696
-0.137941	-0.374099
0.727594	0.666507
-0.013358	-0.511838
-0.829284	0.227692
-0.119403	-0.803412
0.014616	-0.357168
0.260574	-0.538627
-0.795535	-0.562536
0.685142	-0.813427
0.489226	0.425752
-0.901063	-0.161064
-0.340726	-0.582539
-0.292912	-0.978237
-0.208936	0.420179
0.217187	0.267232
-0.794934	-0.453653
-0.623860	0.792173
0.027581	-0.447428
0.139421	-0.757550
-0.264206	-0.507492
0.082125	0.275755
0.506861	0.807303
0.721327	-0.659487
-0.270162	-0.619104
-0.855084	0.602553
-0.470408	-0.153076
-0.316457	-0.699581
0.390176	-0.315180
-0.549997	0.196370
0.533234	0.065967
0.271618	-0.920690
0.714092	-0.254969
-0.255810	0.609428
0.430231	0.891776
0.346666	0.411901
0.471764	0.933789
0.609055	0.394620
0.588555	-0.161381
-0.973177	-0.181659
-0.279681	-0.600172
-0.292969	0.065647
